[
  {
    "RBS_5000": {
      "acc": [
        12.2, 11.1, 10.4, 9.6, 10.3, 10.1, 10.8, 11.1, 11.7, 12.1, 11.5, 11.8,
        12.9, 13.1, 12.6, 13.0, 13.0, 12.9, 13.5, 13.5, 13.9, 13.8, 13.9, 14.0,
        14.3, 14.5, 14.9, 15.2, 15.5, 16.0, 16.3, 16.1, 15.5, 16.7, 16.5, 17.0,
        17.0, 16.9, 16.8, 17.8, 17.5, 18.1, 17.7, 18.0, 18.0, 17.9, 18.4, 18.5,
        18.5, 18.8, 18.9, 18.5, 18.7, 18.9, 19.0, 18.8, 19.6, 20.0, 19.9, 20.0,
        19.7, 19.1, 20.0, 20.7, 21.0, 21.3, 21.1, 20.7, 21.2, 20.9, 20.9, 21.0,
        21.0, 20.7, 20.9, 21.3, 21.7, 22.1, 22.8, 22.4, 23.2, 22.6, 22.6, 23.2,
        23.7, 23.9, 23.7, 23.9, 23.6, 23.7, 23.3, 24.4, 24.5, 23.9, 24.6, 25.4,
        24.9, 25.4, 25.6, 25.9, 26.1, 26.0, 26.3, 26.8, 26.7, 26.9, 27.2, 26.8,
        27.3, 27.3, 27.4, 28.0, 28.2, 28.1, 27.9, 28.3, 28.3, 28.1, 28.5, 28.5,
        28.5, 28.9, 29.2, 29.2, 29.4, 29.4, 29.6, 29.4, 29.0, 29.2, 29.5, 30.1,
        30.1, 30.1, 29.7, 29.8, 30.1, 30.5, 30.3, 30.1, 30.4, 30.5, 30.6, 30.8,
        31.1, 31.2, 31.3, 31.6, 30.8, 31.2, 32.0, 31.6, 31.9, 31.8, 31.6, 32.5,
        32.6, 33.2, 32.8, 32.8, 32.8, 32.9, 33.3, 33.3, 34.1, 34.1, 34.1, 34.1,
        34.4, 34.4, 33.8, 33.7, 33.4, 34.2, 34.4, 34.9, 35.0, 34.5, 34.6, 35.1,
        35.7, 36.2, 36.7, 36.7, 36.5, 36.9, 36.8, 36.9, 37.0, 36.7, 36.9, 37.2,
        37.8, 37.7, 38.2, 38.7, 38.6, 38.9, 39.2, 39.3, 38.2, 39.0, 38.8, 38.8,
        38.3, 38.3, 38.9, 38.7, 38.7, 38.8, 38.6, 38.9, 38.0, 38.0, 38.4, 39.0,
        38.9, 39.7, 39.2, 39.0, 39.4, 39.8, 39.6, 39.4, 40.3, 40.5, 39.3, 40.1,
        40.0, 39.4, 39.5, 39.8, 39.4, 39.2, 39.4, 40.0, 39.6, 39.6, 39.2, 39.9,
        40.2, 39.2, 39.6, 40.2, 40.0, 40.1, 40.4, 40.4, 40.1, 40.1, 40.1, 40.4,
        40.8, 41.1, 41.6, 42.1, 41.6, 41.8, 42.0, 41.5, 41.5, 41.4, 41.9, 41.8,
        41.6, 42.2, 42.7, 42.4, 42.5, 41.9, 42.1, 42.1, 42.9, 43.3, 42.9, 42.7,
        43.2, 42.5, 42.8, 42.4, 42.1, 42.1, 40.9, 40.4, 40.8, 40.3, 40.4, 40.9,
        40.8, 41.1, 41.8, 41.9, 41.7, 42.6, 41.4, 41.7, 42.3, 42.0, 42.5, 42.8,
        42.6, 42.6, 43.2, 42.2, 42.4, 41.9, 41.8, 42.5, 43.0, 42.8, 42.8, 42.8,
        42.9, 43.4, 43.3, 43.3, 43.7, 43.9, 43.5, 43.6, 44.1, 44.2, 41.7, 42.2,
        43.3, 43.7, 43.8, 43.4, 42.9, 42.6, 42.9, 44.6, 44.6, 45.3, 44.5, 45.1,
        44.4, 45.1, 44.6, 44.2, 45.3, 45.3, 45.2, 45.8, 45.2, 44.8, 45.4, 45.5,
        45.8, 45.4, 45.1, 45.2, 44.9, 45.4, 44.9, 45.0, 45.2, 45.5, 45.3, 45.4,
        44.7, 44.6, 45.0, 43.8, 44.3, 44.5, 43.8, 44.4, 44.7, 44.8, 44.9, 44.2,
        44.0, 44.0, 43.6, 44.2, 43.8, 43.5, 44.2, 44.1, 44.1, 43.4, 43.4, 43.1,
        43.6, 43.5, 44.9, 44.1, 44.0, 43.9, 43.8
      ],
      "loss": [
        10.240326881408691, 10.534652709960938, 10.706743240356445,
        10.946483612060547, 10.950780868530273, 11.08938217163086,
        11.017008781433105, 11.086079597473145, 10.931427001953125,
        10.916889190673828, 11.06006145477295, 11.100723266601562,
        11.0478515625, 11.021178245544434, 11.02171516418457,
        11.061752319335938, 11.13524055480957, 11.005645751953125,
        11.038785934448242, 11.11259651184082, 11.018486976623535,
        11.158092498779297, 11.132148742675781, 11.148039817810059,
        11.193474769592285, 11.126765251159668, 11.112174034118652,
        11.207383155822754, 10.260269165039062, 10.29502010345459,
        10.32756519317627, 10.429078102111816, 10.565223693847656,
        10.518486976623535, 10.609132766723633, 10.609914779663086,
        10.719422340393066, 10.728407859802246, 10.85849380493164,
        10.614706039428711, 10.676602363586426, 10.622354507446289,
        10.644742012023926, 10.668548583984375, 10.717276573181152,
        10.72055435180664, 10.7636079788208, 10.738128662109375,
        10.801921844482422, 10.851286888122559, 10.829008102416992,
        10.860013961791992, 10.894847869873047, 10.91871166229248,
        10.921006202697754, 10.93966293334961, 10.656183242797852,
        9.874884605407715, 9.90552043914795, 9.934711456298828,
        10.003167152404785, 9.359054565429688, 9.369787216186523,
        9.363629341125488, 9.383960723876953, 9.272393226623535,
        8.968687057495117, 9.023548126220703, 9.059684753417969,
        9.11716079711914, 9.015376091003418, 9.04719352722168,
        9.121563911437988, 9.175747871398926, 9.17552375793457,
        9.23884391784668, 9.242362022399902, 9.152190208435059,
        8.902291297912598, 8.940110206604004, 8.954436302185059,
        9.020646095275879, 9.0381441116333, 9.098438262939453,
        9.021549224853516, 9.053631782531738, 9.093589782714844,
        9.111221313476562, 9.162590026855469, 9.23354721069336,
        9.30827522277832, 9.252861976623535, 9.23033618927002,
        9.313782691955566, 9.30749797821045, 9.207769393920898,
        9.265202522277832, 9.256361961364746, 9.198064804077148,
        9.196062088012695, 9.23047924041748, 9.239815711975098,
        9.25277328491211, 9.079629898071289, 9.099200248718262,
        9.104813575744629, 9.103012084960938, 9.111783027648926,
        9.141565322875977, 9.11509895324707, 9.16324520111084,
        9.180639266967773, 9.204018592834473, 9.233194351196289,
        9.231279373168945, 9.234578132629395, 9.218239784240723,
        9.234213829040527, 9.146681785583496, 9.166218757629395,
        9.178593635559082, 9.217748641967773, 9.204461097717285,
        9.165800094604492, 9.178775787353516, 9.20504379272461,
        9.212902069091797, 9.219026565551758, 9.274333953857422,
        9.30815315246582, 9.30479621887207, 9.257899284362793,
        9.227360725402832, 9.261170387268066, 8.911857604980469,
        8.887823104858398, 8.834990501403809, 8.85816478729248,
        8.865067481994629, 8.888957023620605, 8.92902660369873,
        8.928144454956055, 8.742256164550781, 8.710652351379395,
        8.707310676574707, 8.690142631530762, 8.694412231445312,
        8.71410083770752, 8.784162521362305, 8.749390602111816,
        8.760120391845703, 8.787437438964844, 8.800448417663574,
        8.82930850982666, 8.807988166809082, 8.82999324798584,
        8.875141143798828, 8.830766677856445, 8.81309700012207,
        8.836974143981934, 8.845769882202148, 8.778890609741211,
        8.781187057495117, 8.817075729370117, 8.810736656188965,
        8.824315071105957, 8.565190315246582, 8.568572998046875,
        8.542733192443848, 8.585384368896484, 8.432089805603027,
        8.450582504272461, 8.38485336303711, 8.363433837890625,
        8.376517295837402, 8.364996910095215, 8.371573448181152,
        8.197465896606445, 7.870287895202637, 7.848647117614746,
        7.85833740234375, 7.661121845245361, 7.622481346130371,
        7.619101524353027, 7.643881797790527, 7.6433587074279785,
        7.6566033363342285, 7.686777591705322, 7.677366256713867,
        7.731029987335205, 7.732349872589111, 7.749768257141113,
        7.73572301864624, 7.749855995178223, 7.733980655670166,
        7.724065780639648, 7.705292701721191, 7.736142158508301,
        7.708853244781494, 7.719335556030273, 7.602359771728516,
        7.471410274505615, 7.462854385375977, 7.452194690704346,
        7.452809810638428, 7.449542045593262, 7.418681621551514,
        7.421863555908203, 7.448653221130371, 7.4332170486450195,
        7.444629192352295, 7.449923038482666, 7.467637538909912,
        7.461566925048828, 7.45479679107666, 7.471560478210449,
        7.484323978424072, 7.249735355377197, 7.287097454071045,
        7.345617294311523, 7.310127258300781, 7.267693042755127,
        7.294449329376221, 7.348487377166748, 7.303947448730469,
        7.285068511962891, 7.153754711151123, 7.121041297912598,
        7.123753070831299, 7.154438495635986, 7.157187461853027,
        7.14029598236084, 7.166795253753662, 7.1851630210876465,
        7.014463424682617, 7.003095626831055, 6.883236408233643,
        6.87806510925293, 6.880755424499512, 6.8565754890441895,
        6.851222515106201, 6.938821792602539, 6.905810832977295,
        6.762265205383301, 6.7877197265625, 6.794689655303955,
        6.776406288146973, 6.790834426879883, 6.829710960388184,
        6.833752155303955, 6.8561859130859375, 6.817098617553711,
        6.815618515014648, 6.834251403808594, 6.79615592956543,
        6.801113128662109, 6.5390424728393555, 6.574612140655518,
        6.572515487670898, 6.5804123878479, 6.568215370178223, 6.5812087059021,
        6.577020645141602, 6.594151496887207, 6.5956711769104,
        6.574113368988037, 6.558193683624268, 6.578477382659912,
        6.57963752746582, 6.631911277770996, 6.626392364501953, 6.630859375,
        6.461447715759277, 6.439805507659912, 6.530216217041016,
        6.487756729125977, 6.443853378295898, 6.442752838134766,
        6.438587188720703, 6.460662364959717, 6.4605913162231445,
        6.212520599365234, 6.26319694519043, 6.140495777130127,
        6.135820388793945, 6.167201519012451, 6.129920959472656,
        6.1173529624938965, 6.02406644821167, 6.038960933685303,
        6.003969192504883, 5.996579647064209, 6.016281604766846,
        5.983123779296875, 6.04362678527832, 6.0123820304870605,
        6.001250743865967, 6.0028395652771, 5.737768650054932,
        5.736680507659912, 5.752985954284668, 5.761082649230957,
        5.768937587738037, 5.76904296875, 5.672131061553955, 5.7010955810546875,
        5.724829196929932, 5.708972454071045, 5.696905612945557,
        5.5517802238464355, 5.5364603996276855, 5.548524379730225,
        5.531723976135254, 5.521139621734619, 5.546049118041992,
        5.530490875244141, 5.512467861175537, 5.515931606292725,
        5.538144588470459, 5.5590715408325195, 5.5474467277526855,
        5.556265830993652, 5.442330837249756, 5.439675807952881,
        5.392818450927734, 5.403099536895752, 5.376643657684326,
        5.387116432189941, 5.4202561378479, 5.443778991699219,
        5.419042587280273, 5.191492080688477, 5.18893575668335,
        5.152992248535156, 5.195580959320068, 5.1914963722229,
        5.2144927978515625, 5.215291500091553, 5.204705715179443,
        5.214589595794678, 5.074930667877197, 5.066168308258057,
        5.065216541290283, 5.064128398895264, 5.066670894622803,
        5.057749271392822, 5.052309989929199, 5.038106441497803,
        5.0402398109436035, 5.064451217651367, 5.060855388641357,
        5.059260368347168, 5.03327751159668, 5.0110602378845215,
        5.035231113433838, 5.046041965484619, 5.035058498382568,
        5.030771255493164, 5.063375473022461, 5.07274866104126,
        5.088585376739502, 5.0961833000183105, 5.088816165924072,
        5.132379531860352, 5.121293544769287, 5.103995323181152,
        5.151181221008301, 5.119752407073975, 5.118038654327393,
        5.1238603591918945, 5.124395847320557, 5.110389709472656,
        5.114422798156738, 5.102919101715088, 5.136257648468018,
        5.1147284507751465, 5.1401753425598145, 5.140231609344482,
        5.1447858810424805, 5.151214599609375, 5.1460676193237305,
        5.162346363067627, 5.163852214813232, 5.179142951965332,
        5.200554370880127, 5.2067060470581055, 5.135670185089111,
        5.155417442321777, 5.167222499847412, 5.178860664367676,
        5.1789116859436035
      ]
    }
  },
  {
    "RBS_5000_HL1": {
      "acc": [
        11.8, 11.2, 10.7, 9.9, 10.5, 10.2, 10.8, 11.3, 11.6, 12.4, 11.9, 11.9,
        11.9, 12.6, 12.8, 12.8, 12.7, 13.6, 14.4, 14.6, 14.4, 14.8, 15.0, 15.0,
        15.7, 15.4, 15.0, 15.7, 15.7, 16.0, 16.0, 16.2, 16.2, 16.9, 17.1, 16.8,
        16.8, 17.0, 17.4, 16.6, 16.7, 17.2, 17.0, 17.0, 17.3, 17.5, 17.1, 17.7,
        17.6, 17.5, 17.8, 17.7, 18.1, 18.0, 18.1, 18.3, 18.9, 18.8, 19.5, 19.6,
        19.5, 19.6, 19.6, 20.3, 20.3, 20.7, 21.0, 21.0, 21.0, 21.1, 21.0, 21.3,
        21.0, 20.7, 21.4, 21.7, 21.5, 22.4, 22.4, 22.3, 22.8, 22.3, 22.8, 23.0,
        23.5, 23.1, 23.0, 23.2, 22.5, 22.4, 22.8, 23.6, 23.7, 23.6, 24.0, 24.2,
        24.0, 24.1, 24.3, 24.5, 24.4, 24.9, 24.9, 25.0, 24.8, 25.3, 25.1, 25.0,
        25.5, 25.6, 25.6, 26.0, 26.2, 26.7, 26.0, 26.9, 27.3, 27.1, 27.1, 27.0,
        27.1, 27.7, 28.0, 27.9, 28.0, 28.5, 28.3, 28.4, 28.3, 28.3, 28.6, 29.2,
        29.8, 29.7, 29.7, 29.7, 29.3, 29.7, 30.0, 30.1, 29.6, 30.1, 30.5, 29.8,
        30.8, 30.5, 30.6, 31.2, 30.9, 31.4, 32.1, 32.2, 32.1, 32.1, 31.9, 32.3,
        32.2, 32.4, 32.8, 32.5, 32.8, 32.7, 32.9, 32.9, 33.5, 33.3, 32.9, 33.0,
        33.0, 33.4, 33.1, 33.2, 33.7, 33.1, 33.9, 34.1, 34.0, 32.8, 32.5, 32.6,
        33.4, 34.0, 34.1, 34.0, 33.9, 34.6, 34.5, 35.2, 35.1, 35.2, 36.0, 36.1,
        36.5, 36.3, 37.2, 37.0, 37.0, 37.6, 37.8, 37.9, 37.8, 38.0, 37.8, 37.7,
        37.7, 37.5, 36.9, 36.9, 37.2, 37.1, 37.2, 37.6, 37.1, 37.5, 37.6, 38.0,
        37.8, 38.2, 37.5, 38.2, 37.7, 38.2, 38.3, 39.1, 39.6, 39.8, 40.0, 39.6,
        40.4, 40.0, 40.0, 39.4, 40.0, 40.1, 39.2, 39.4, 39.7, 39.7, 39.7, 39.4,
        39.0, 38.7, 39.5, 39.9, 39.9, 39.4, 39.4, 39.1, 38.7, 39.1, 38.8, 38.8,
        39.0, 39.4, 39.6, 39.8, 40.1, 40.7, 41.4, 41.2, 41.6, 41.5, 41.4, 41.2,
        41.3, 41.4, 41.8, 41.8, 42.1, 41.7, 41.8, 41.7, 42.2, 42.2, 41.9, 42.0,
        41.6, 41.4, 41.0, 41.4, 40.3, 41.3, 41.2, 40.9, 41.0, 41.0, 41.3, 41.3,
        42.0, 42.3, 42.6, 42.3, 41.8, 42.6, 41.4, 42.6, 42.7, 42.6, 43.4, 43.1,
        43.1, 43.0, 43.8, 43.7, 44.3, 44.3, 44.5, 44.3, 45.0, 44.9, 45.0, 45.2,
        44.8, 43.7, 44.4, 44.7, 45.2, 45.9, 45.9, 45.3, 46.1, 45.9, 46.2, 46.4,
        47.1, 46.9, 46.7, 46.5, 46.6, 46.3, 46.4, 45.4, 46.2, 45.8, 45.6, 46.3,
        45.9, 46.1, 45.4, 45.6, 46.8, 46.1, 45.9, 46.2, 46.6, 46.8, 46.9, 46.7,
        47.2, 47.2, 47.0, 47.3, 47.8, 47.7, 47.5, 47.5, 48.0, 48.2, 48.0, 47.8,
        46.2, 46.1, 45.8, 44.9, 45.4, 45.4, 45.0, 44.9, 44.9, 44.6, 44.6, 44.3,
        44.6, 44.7, 44.1, 44.5, 44.5, 44.5, 44.6, 45.1, 45.1, 44.6, 44.7, 44.7,
        44.1, 44.3, 45.6, 45.4, 44.7, 44.4, 44.6
      ],
      "loss": [
        10.778655052185059, 11.102670669555664, 11.354630470275879,
        11.638248443603516, 11.560237884521484, 11.672521591186523,
        11.405218124389648, 11.457817077636719, 11.369097709655762,
        11.390870094299316, 11.554441452026367, 11.583669662475586,
        11.630658149719238, 11.534490585327148, 11.57686996459961,
        11.617656707763672, 11.724996566772461, 11.411553382873535,
        11.361112594604492, 11.39477825164795, 11.415947914123535,
        11.484830856323242, 11.443421363830566, 11.48882007598877,
        11.538990020751953, 11.587432861328125, 11.517569541931152,
        11.608360290527344, 11.495404243469238, 11.566534996032715,
        11.553208351135254, 11.573990821838379, 11.666166305541992,
        11.672540664672852, 11.724374771118164, 11.74409008026123,
        11.791234016418457, 11.75466537475586, 11.856707572937012,
        11.440396308898926, 11.538015365600586, 11.424640655517578,
        11.486723899841309, 11.464081764221191, 11.534463882446289,
        11.614978790283203, 11.564567565917969, 11.587319374084473,
        11.576704025268555, 11.604338645935059, 11.578047752380371,
        11.594293594360352, 11.652668952941895, 11.67841625213623,
        11.7592134475708, 11.8324556350708, 11.279563903808594,
        10.909052848815918, 10.936612129211426, 10.968732833862305,
        11.001309394836426, 10.511219024658203, 10.591498374938965,
        10.553691864013672, 10.591958045959473, 10.183189392089844,
        10.028037071228027, 10.12188720703125, 10.091203689575195,
        10.19693660736084, 9.886842727661133, 9.901127815246582,
        10.011726379394531, 10.057636260986328, 10.024346351623535,
        10.089868545532227, 10.122135162353516, 10.041282653808594,
        9.471802711486816, 9.585159301757812, 9.587143898010254,
        9.699694633483887, 9.735931396484375, 9.813287734985352,
        9.760826110839844, 9.759631156921387, 9.79715347290039,
        9.793962478637695, 9.88892936706543, 9.959184646606445,
        10.03785228729248, 9.629565238952637, 9.713414192199707,
        9.776351928710938, 9.783766746520996, 9.692811965942383,
        9.820491790771484, 9.821876525878906, 9.800436019897461,
        9.809764862060547, 9.825989723205566, 9.856554985046387,
        9.8989896774292, 9.444244384765625, 9.4689302444458, 9.517830848693848,
        9.47851848602295, 9.501484870910645, 9.483184814453125,
        9.501370429992676, 9.572298049926758, 9.457279205322266,
        9.487896919250488, 9.521576881408691, 9.589888572692871,
        9.555120468139648, 9.549118041992188, 9.59660816192627,
        9.019590377807617, 9.037147521972656, 9.082741737365723,
        9.053833961486816, 9.082040786743164, 9.123754501342773,
        9.135634422302246, 9.109844207763672, 9.147486686706543,
        9.132903099060059, 9.132282257080078, 9.160783767700195,
        9.174983024597168, 9.125931739807129, 9.137933731079102,
        9.158556938171387, 8.929530143737793, 8.916210174560547,
        8.976202011108398, 9.018428802490234, 9.014829635620117,
        9.028685569763184, 9.075034141540527, 9.053784370422363,
        8.99790096282959, 9.004044532775879, 8.956889152526855,
        8.910796165466309, 8.921975135803223, 8.931413650512695,
        8.963624000549316, 8.937553405761719, 8.918373107910156,
        8.934959411621094, 8.9464750289917, 8.95545768737793, 8.9941987991333,
        8.973681449890137, 9.036625862121582, 9.00827407836914,
        8.981073379516602, 8.981094360351562, 8.99229907989502,
        8.539302825927734, 8.566906929016113, 8.553181648254395,
        8.527796745300293, 8.565905570983887, 8.426885604858398,
        8.435323715209961, 8.440348625183105, 8.438753128051758,
        8.363149642944336, 8.391433715820312, 8.219518661499023,
        8.300887107849121, 8.333352088928223, 8.32562255859375,
        8.370429992675781, 8.023940086364746, 7.901124477386475,
        7.908633232116699, 7.9025163650512695, 7.7554521560668945,
        7.723328590393066, 7.6767425537109375, 7.712685585021973,
        7.695497512817383, 7.7114715576171875, 7.741783618927002,
        7.745594501495361, 7.756284236907959, 7.7438201904296875,
        7.72694730758667, 7.7344069480896, 7.752399444580078, 7.66196346282959,
        7.677577018737793, 7.673153400421143, 7.669240951538086,
        7.659072399139404, 7.6850690841674805, 7.645616054534912,
        7.2732133865356445, 7.286379814147949, 7.238604545593262,
        7.2360076904296875, 7.252276420593262, 7.27485466003418,
        7.279195785522461, 7.250197410583496, 7.275544166564941,
        7.2627997398376465, 7.261436939239502, 7.314667701721191,
        7.288679599761963, 7.288774013519287, 7.272530555725098,
        7.293874740600586, 7.1222944259643555, 7.150609493255615,
        7.178305149078369, 7.164028644561768, 7.129415035247803,
        7.1659650802612305, 7.165673732757568, 7.144978046417236,
        7.123086452484131, 7.061676502227783, 7.066897869110107,
        7.043581962585449, 7.044801235198975, 7.043939590454102,
        7.048777103424072, 7.063770294189453, 7.071300029754639,
        6.923976898193359, 6.901330947875977, 6.665879249572754,
        6.664206027984619, 6.667707443237305, 6.676103591918945,
        6.694097995758057, 6.704493045806885, 6.639941692352295,
        6.488277912139893, 6.4930548667907715, 6.506686687469482,
        6.507552146911621, 6.527598857879639, 6.554396629333496,
        6.551527976989746, 6.551276206970215, 6.538991928100586,
        6.517935276031494, 6.5372724533081055, 6.5337042808532715,
        6.544199466705322, 6.4378485679626465, 6.428653240203857,
        6.4219160079956055, 6.419546127319336, 6.404506206512451,
        6.412184715270996, 6.408907890319824, 6.425941467285156,
        6.421541213989258, 6.420840263366699, 6.414658069610596,
        6.4046831130981445, 6.3978400230407715, 6.427952289581299,
        6.4275898933410645, 6.4294209480285645, 6.245683193206787,
        6.233916282653809, 6.314868927001953, 6.27815055847168,
        6.286608695983887, 6.304324150085449, 6.330985069274902,
        6.330732822418213, 6.346541881561279, 6.1818318367004395,
        6.216171741485596, 6.082330703735352, 6.068551540374756,
        6.091056823730469, 6.063055515289307, 6.050283908843994,
        5.933875560760498, 5.95624303817749, 5.932469844818115,
        5.936582088470459, 5.963287830352783, 5.952243328094482,
        5.998253345489502, 5.949803829193115, 5.949491024017334,
        5.9458723068237305, 5.7457170486450195, 5.753206253051758,
        5.771040439605713, 5.774503231048584, 5.746209144592285,
        5.739040374755859, 5.564340114593506, 5.571420192718506,
        5.572433948516846, 5.588651180267334, 5.580097675323486,
        5.406381607055664, 5.398273944854736, 5.404610633850098,
        5.3951568603515625, 5.409264087677002, 5.396392345428467,
        5.398618221282959, 5.370156288146973, 5.35772705078125,
        5.3610992431640625, 5.35666561126709, 5.342838287353516,
        5.344188690185547, 5.208654880523682, 5.207561492919922,
        5.190299034118652, 5.1930952072143555, 5.191235542297363,
        5.214015007019043, 5.220682621002197, 5.23205041885376,
        5.231255531311035, 5.093456268310547, 5.079042911529541,
        5.085500240325928, 5.116170883178711, 5.096671104431152,
        5.123444080352783, 5.113401889801025, 5.10612154006958,
        5.1008830070495605, 4.931861877441406, 4.911477088928223,
        4.952930927276611, 4.933277606964111, 4.9174485206604, 4.91916561126709,
        4.934415340423584, 4.929416179656982, 4.910131454467773,
        4.9293084144592285, 4.941734313964844, 4.924965858459473,
        4.885683536529541, 4.887210369110107, 4.894164562225342,
        4.894132614135742, 4.88194465637207, 4.863610744476318,
        4.870761394500732, 4.896687030792236, 4.9571943283081055,
        4.95103120803833, 4.948782920837402, 4.998905658721924,
        4.970840930938721, 4.964576721191406, 4.997506618499756,
        4.98356819152832, 4.988832950592041, 5.010464191436768,
        5.005040645599365, 5.019169807434082, 5.010010719299316,
        4.997437953948975, 5.019873142242432, 5.008167266845703,
        5.032053470611572, 5.041224002838135, 5.049644947052002,
        5.035467624664307, 5.029407978057861, 5.065343856811523,
        5.045668125152588, 5.071088790893555, 5.095840930938721,
        5.0946364402771, 5.051313877105713, 5.050373077392578,
        5.077045917510986, 5.095789432525635, 5.079293727874756
      ]
    }
  },
  {
    "RBS_5000_HL2": {
      "acc": [
        11.0, 9.7, 8.5, 7.3, 9.1, 9.1, 10.5, 10.2, 10.8, 10.5, 9.7, 10.1, 10.7,
        11.3, 10.5, 10.8, 10.4, 11.6, 12.1, 12.0, 12.6, 13.0, 13.7, 12.8, 13.1,
        12.8, 13.3, 14.1, 14.2, 14.1, 14.5, 14.8, 14.4, 14.7, 14.9, 14.6, 14.7,
        15.2, 15.6, 15.7, 15.2, 15.8, 15.2, 16.0, 15.5, 16.0, 16.1, 16.0, 16.1,
        16.3, 16.8, 16.6, 17.0, 17.1, 16.9, 17.0, 16.9, 17.4, 17.4, 17.7, 17.3,
        17.9, 18.5, 18.5, 19.1, 19.6, 19.6, 18.5, 19.2, 18.7, 18.7, 18.7, 18.7,
        19.4, 19.3, 19.7, 19.8, 20.9, 20.5, 20.4, 20.4, 19.7, 20.2, 20.6, 21.2,
        21.3, 21.3, 21.4, 20.4, 20.9, 21.2, 21.3, 21.6, 22.1, 22.6, 22.9, 21.4,
        22.7, 23.0, 22.8, 23.3, 23.4, 23.2, 22.9, 23.3, 23.5, 23.4, 23.7, 24.1,
        24.5, 23.9, 23.4, 23.0, 24.5, 23.8, 25.2, 25.6, 25.3, 25.2, 24.6, 24.9,
        24.8, 25.4, 25.3, 26.2, 26.6, 26.2, 26.2, 26.3, 26.2, 27.0, 25.9, 27.0,
        27.3, 26.9, 27.3, 26.9, 27.5, 27.7, 27.7, 27.7, 27.7, 28.4, 28.6, 27.3,
        27.3, 28.1, 28.8, 28.0, 29.0, 28.6, 28.9, 28.9, 29.1, 28.8, 28.9, 30.5,
        30.1, 30.2, 29.9, 29.9, 30.4, 30.6, 30.5, 29.6, 30.1, 31.1, 31.1, 31.2,
        30.7, 31.4, 30.9, 30.9, 31.3, 31.6, 32.1, 31.4, 32.1, 32.1, 31.9, 31.9,
        32.3, 33.7, 32.8, 33.0, 33.2, 32.7, 33.2, 33.2, 33.3, 33.4, 34.1, 33.5,
        32.6, 33.0, 33.5, 33.3, 33.7, 33.9, 34.9, 34.5, 34.3, 34.1, 33.8, 33.9,
        34.7, 35.3, 34.7, 34.8, 34.8, 34.4, 35.2, 35.0, 35.7, 36.0, 37.2, 37.0,
        37.3, 36.5, 36.2, 36.9, 36.8, 36.8, 36.5, 36.1, 37.8, 36.5, 37.0, 37.3,
        36.5, 36.9, 36.4, 37.2, 37.0, 39.0, 37.7, 37.9, 37.3, 36.6, 37.5, 37.6,
        37.9, 38.2, 37.7, 37.5, 36.7, 37.5, 36.8, 37.5, 36.3, 36.8, 37.2, 36.8,
        36.8, 37.9, 37.9, 37.6, 37.8, 37.4, 36.5, 37.3, 37.4, 37.2, 36.6, 37.6,
        37.8, 37.9, 37.3, 38.4, 37.4, 37.1, 37.2, 37.9, 37.8, 36.5, 37.5, 38.6,
        37.4, 37.3, 37.8, 37.4, 38.4, 36.3, 38.6, 37.7, 36.6, 35.9, 37.3, 37.2,
        37.2, 36.5, 36.3, 36.4, 37.6, 37.8, 38.0, 38.0, 38.0, 39.0, 37.7, 38.7,
        36.9, 37.8, 37.4, 38.7, 37.8, 38.0, 38.5, 38.7, 38.5, 39.3, 38.9, 39.4,
        39.1, 38.8, 38.9, 39.5, 38.6, 39.4, 38.6, 39.8, 39.6, 40.2, 40.1, 39.4,
        39.1, 39.9, 38.8, 39.4, 40.0, 40.1, 41.9, 42.5, 41.2, 40.3, 41.0, 39.9,
        40.3, 40.5, 40.4, 39.9, 40.6, 39.2, 40.9, 39.9, 39.7, 40.7, 40.7, 40.9,
        41.8, 40.5, 40.6, 41.5, 41.6, 41.0, 40.9, 41.0, 41.7, 41.9, 42.5, 41.4,
        42.2, 41.2, 40.4, 40.5, 41.2, 40.8, 41.3, 41.3, 41.2, 41.1, 41.3, 39.8,
        40.6, 39.8, 39.9, 41.0, 41.4, 40.2, 39.7, 40.2, 39.0, 39.9, 40.2, 39.3,
        39.2, 40.3, 39.4, 38.8, 38.3, 38.1
      ],
      "loss": [
        10.610147476196289, 10.808311462402344, 11.253875732421875,
        11.643500328063965, 11.005398750305176, 11.175731658935547,
        10.904610633850098, 11.13589859008789, 11.06335735321045,
        11.14111328125, 11.405893325805664, 11.329914093017578,
        11.284131050109863, 11.254398345947266, 11.38497257232666,
        11.448104858398438, 11.63002872467041, 11.048057556152344,
        11.097115516662598, 11.186379432678223, 11.25242805480957,
        11.320425987243652, 11.202601432800293, 11.41710090637207,
        11.367141723632812, 11.429533958435059, 11.337048530578613,
        11.37065315246582, 10.844192504882812, 10.979864120483398,
        11.011634826660156, 11.032401084899902, 11.127963066101074,
        11.157937049865723, 11.183125495910645, 11.349495887756348,
        11.362510681152344, 11.241229057312012, 11.238068580627441,
        10.719834327697754, 10.89588737487793, 10.732419967651367,
        10.855914115905762, 10.790812492370605, 10.890384674072266,
        10.959619522094727, 10.917574882507324, 10.947291374206543,
        10.935929298400879, 10.943628311157227, 10.952893257141113,
        10.926679611206055, 10.803523063659668, 10.861738204956055,
        10.977758407592773, 11.128429412841797, 10.52418041229248,
        10.343052864074707, 10.399521827697754, 10.423955917358398,
        10.443568229675293, 10.196066856384277, 10.281654357910156,
        10.237977981567383, 10.240751266479492, 10.061030387878418,
        9.653144836425781, 9.769132614135742, 9.697342872619629,
        9.83265209197998, 9.28097915649414, 9.36202335357666, 9.551701545715332,
        9.581276893615723, 9.53674030303955, 9.671141624450684,
        9.64743709564209, 9.5673189163208, 9.391824722290039, 9.518970489501953,
        9.579985618591309, 9.714599609375, 9.728109359741211, 9.817764282226562,
        9.713912963867188, 9.72848129272461, 9.760560035705566, 9.732421875,
        9.827919960021973, 9.917189598083496, 9.958925247192383,
        9.716846466064453, 9.780778884887695, 9.790868759155273,
        9.680061340332031, 9.474870681762695, 9.566040992736816,
        9.508942604064941, 9.499959945678711, 9.502315521240234,
        9.551685333251953, 9.541741371154785, 9.587879180908203,
        9.306074142456055, 9.35992431640625, 9.463523864746094,
        9.255975723266602, 9.300048828125, 9.347129821777344, 9.319092750549316,
        9.42984676361084, 9.494362831115723, 9.605883598327637,
        9.571474075317383, 9.50881290435791, 9.471817970275879,
        9.482994079589844, 9.589509010314941, 9.160481452941895,
        9.106935501098633, 9.113442420959473, 9.079790115356445,
        9.079517364501953, 9.223652839660645, 9.201746940612793,
        9.176578521728516, 9.202372550964355, 9.216791152954102,
        9.19633674621582, 9.218209266662598, 9.235190391540527,
        9.130334854125977, 9.141952514648438, 9.124732971191406,
        8.99091911315918, 9.035713195800781, 9.165453910827637,
        9.16061019897461, 9.07732105255127, 9.117127418518066,
        9.165617942810059, 9.15740966796875, 8.992878913879395,
        8.974448204040527, 8.988913536071777, 8.961165428161621,
        8.971295356750488, 9.01528549194336, 9.0541410446167, 8.990145683288574,
        9.027755737304688, 9.068291664123535, 9.044013023376465,
        9.071002960205078, 9.154874801635742, 9.149893760681152,
        9.12532901763916, 9.091036796569824, 9.040116310119629,
        9.090038299560547, 9.080897331237793, 8.793471336364746,
        8.77843189239502, 8.823351860046387, 9.005942344665527,
        9.056680679321289, 8.444519996643066, 8.54923152923584,
        8.569679260253906, 8.545969009399414, 8.346909523010254,
        8.397120475769043, 8.146683692932129, 8.213556289672852,
        8.241798400878906, 8.20388412475586, 8.33249282836914,
        7.967662811279297, 7.915419101715088, 7.961479187011719,
        7.978682518005371, 7.822714805603027, 7.66988468170166,
        7.684810638427734, 7.7313361167907715, 7.736054420471191,
        7.755491256713867, 7.7679948806762695, 7.776785373687744,
        7.824946403503418, 7.8187665939331055, 7.7984466552734375,
        7.89852237701416, 7.976474761962891, 7.880212306976318,
        7.851506233215332, 7.842020034790039, 7.812264442443848,
        7.793306350708008, 7.80879545211792, 7.704585075378418,
        7.590832710266113, 7.58398962020874, 7.580372333526611,
        7.578242301940918, 7.565193176269531, 7.47929048538208,
        7.502781391143799, 7.524196624755859, 7.535221576690674,
        7.564882278442383, 7.539051055908203, 7.534343242645264,
        7.496842384338379, 7.513316631317139, 7.519866466522217,
        7.553947448730469, 7.41649055480957, 7.450778484344482,
        7.502184867858887, 7.479212760925293, 7.482322692871094,
        7.50734281539917, 7.55311918258667, 7.563799858093262,
        7.500720977783203, 7.363409042358398, 7.39787483215332,
        7.373960494995117, 7.37143087387085, 7.383145809173584,
        7.366116523742676, 7.40630578994751, 7.419493675231934,
        7.15709924697876, 7.194890975952148, 6.999967575073242,
        6.994778633117676, 7.003696918487549, 6.955220699310303,
        6.9309821128845215, 6.967121124267578, 6.899610996246338,
        6.759235382080078, 6.855801582336426, 6.9193291664123535,
        6.8645806312561035, 6.898839473724365, 6.872959613800049,
        6.895204544067383, 6.901393413543701, 6.861738204956055,
        6.8704915046691895, 6.845297336578369, 6.853446006774902,
        6.843350887298584, 6.731441497802734, 6.744436264038086,
        6.718057632446289, 6.7826247215271, 6.708765983581543,
        6.723318576812744, 6.697705268859863, 6.787516117095947,
        6.762175559997559, 6.78409481048584, 6.798576831817627, 6.8088059425354,
        6.775108337402344, 6.829609394073486, 6.826752185821533,
        6.791051864624023, 6.668641567230225, 6.670473098754883,
        6.800141334533691, 6.7485504150390625, 6.656431198120117,
        6.721114158630371, 6.675981521606445, 6.688077926635742,
        6.7135539054870605, 6.377099990844727, 6.515612602233887,
        6.311698913574219, 6.35551643371582, 6.437623500823975,
        6.4359331130981445, 6.369826793670654, 6.243587970733643,
        6.306899547576904, 6.290757179260254, 6.295689582824707,
        6.306966781616211, 6.2845354080200195, 6.284787178039551,
        6.2638983726501465, 6.2552618980407715, 6.290716648101807,
        6.101969242095947, 6.134375095367432, 6.136055946350098,
        6.157586574554443, 6.127144813537598, 6.157923698425293,
        5.859899044036865, 5.922933578491211, 5.932695388793945,
        5.904260635375977, 5.867651462554932, 5.6882100105285645,
        5.670440673828125, 5.70620584487915, 5.686971664428711,
        5.669666290283203, 5.65688419342041, 5.6725053787231445,
        5.652219772338867, 5.691983222961426, 5.64895486831665,
        5.719286918640137, 5.6533002853393555, 5.648210048675537,
        5.541120529174805, 5.549887657165527, 5.548816680908203,
        5.6219329833984375, 5.612885475158691, 5.629249572753906,
        5.622659683227539, 5.572812080383301, 5.560869216918945, 5.177734375,
        5.2273268699646, 5.26630973815918, 5.3427324295043945,
        5.3284783363342285, 5.392343521118164, 5.399326324462891,
        5.3311686515808105, 5.3552045822143555, 5.286964416503906,
        5.23609733581543, 5.297122478485107, 5.224738121032715,
        5.280553817749023, 5.269280433654785, 5.239193916320801,
        5.2575249671936035, 5.280730247497559, 5.224472522735596,
        5.2787957191467285, 5.290162086486816, 5.2188496589660645,
        5.221935272216797, 5.235682010650635, 5.300066947937012,
        5.293543815612793, 5.232198238372803, 5.218437671661377,
        5.2161784172058105, 5.212770462036133, 5.21843147277832,
        5.247592449188232, 5.375118732452393, 5.323668479919434,
        5.28596830368042, 5.381245136260986, 5.317343711853027,
        5.319610595703125, 5.350006580352783, 5.384725093841553,
        5.318080425262451, 5.385188102722168, 5.3522772789001465,
        5.400045871734619, 5.380208492279053, 5.317718982696533,
        5.296391487121582, 5.378981113433838, 5.4121012687683105,
        5.362828731536865, 5.423053741455078, 5.38724946975708,
        5.4056596755981445, 5.520559787750244, 5.536429405212402,
        5.412816524505615, 5.467519283294678, 5.567907333374023,
        5.597397327423096, 5.572336196899414
      ]
    }
  },
  {
    "RBS_5000_HL3": {
      "acc": [
        11.3, 11.8, 10.6, 8.9, 10.7, 9.9, 11.2, 11.3, 11.6, 11.7, 11.6, 11.4,
        11.6, 12.1, 11.5, 11.6, 11.7, 12.2, 13.5, 13.3, 13.8, 14.2, 14.5, 13.5,
        14.0, 14.2, 14.1, 14.3, 14.9, 14.5, 14.5, 15.0, 15.0, 15.0, 15.5, 15.1,
        15.0, 15.3, 15.6, 16.5, 15.5, 16.0, 15.8, 16.0, 16.2, 16.3, 16.4, 16.6,
        17.2, 16.6, 17.1, 17.1, 18.1, 18.3, 17.8, 17.3, 18.0, 17.4, 17.1, 17.3,
        18.3, 18.0, 17.8, 19.1, 19.0, 19.4, 19.4, 18.9, 19.6, 19.5, 19.3, 19.2,
        19.1, 18.9, 19.5, 19.5, 19.0, 20.0, 20.4, 19.9, 20.9, 19.8, 20.7, 21.2,
        21.4, 21.7, 21.3, 21.5, 20.8, 21.2, 21.3, 21.1, 21.6, 21.5, 22.7, 22.9,
        21.5, 22.6, 22.9, 23.3, 23.4, 23.1, 22.8, 24.1, 23.8, 24.3, 24.2, 24.2,
        24.9, 24.7, 24.5, 24.7, 24.5, 25.3, 24.9, 25.7, 26.0, 26.5, 25.9, 25.5,
        25.1, 25.2, 25.3, 25.3, 25.1, 25.9, 24.9, 25.5, 25.2, 25.6, 25.7, 26.1,
        26.6, 26.6, 27.3, 27.4, 26.4, 27.1, 27.1, 27.1, 27.2, 27.2, 27.3, 27.6,
        27.4, 27.8, 28.4, 27.9, 28.2, 28.8, 28.6, 28.1, 28.2, 28.4, 27.1, 27.4,
        29.1, 29.2, 29.5, 29.3, 29.3, 30.2, 30.1, 30.1, 29.4, 29.6, 29.5, 30.0,
        29.9, 30.4, 31.2, 30.6, 28.8, 30.6, 30.1, 31.1, 31.2, 30.4, 31.2, 31.0,
        30.8, 32.0, 31.2, 31.3, 31.6, 31.9, 31.3, 31.4, 31.6, 31.7, 31.3, 32.7,
        32.4, 31.3, 31.1, 31.4, 32.4, 32.5, 33.0, 33.7, 33.4, 33.8, 33.0, 31.1,
        30.6, 32.3, 32.7, 32.4, 32.3, 32.8, 31.6, 32.3, 31.2, 32.4, 32.3, 33.9,
        34.2, 33.5, 32.3, 32.5, 31.7, 33.2, 33.7, 34.2, 34.4, 34.5, 35.6, 34.7,
        34.6, 33.7, 33.4, 34.1, 33.9, 33.3, 35.0, 34.4, 34.5, 34.0, 34.1, 35.1,
        34.4, 34.2, 34.0, 34.5, 34.8, 34.5, 34.5, 33.8, 33.7, 32.6, 33.0, 33.5,
        33.7, 33.9, 34.9, 34.3, 36.4, 35.4, 35.4, 36.1, 36.6, 35.3, 35.3, 35.9,
        35.9, 36.3, 36.4, 35.9, 36.1, 35.7, 35.4, 36.3, 35.2, 34.1, 34.1, 33.7,
        35.5, 36.0, 36.2, 36.0, 35.1, 35.5, 36.5, 37.3, 36.0, 35.3, 35.8, 36.8,
        37.1, 36.4, 37.5, 37.8, 37.9, 38.2, 36.7, 36.9, 36.5, 36.8, 38.9, 38.5,
        38.2, 38.5, 38.6, 39.1, 40.2, 38.6, 38.9, 38.8, 39.8, 41.3, 40.5, 39.2,
        40.0, 39.5, 40.2, 39.0, 40.0, 39.4, 39.7, 39.8, 40.7, 40.4, 40.9, 40.3,
        41.4, 41.0, 41.2, 41.4, 39.8, 40.9, 40.0, 41.8, 41.4, 41.3, 40.5, 40.9,
        40.4, 40.8, 39.7, 39.7, 40.7, 40.7, 40.3, 40.9, 41.2, 40.7, 39.6, 40.6,
        41.1, 41.1, 41.0, 41.3, 42.0, 42.2, 41.4, 41.6, 41.3, 41.9, 41.8, 41.2,
        38.6, 40.5, 40.3, 40.2, 40.9, 41.1, 40.6, 40.6, 41.3, 39.7, 40.3, 40.9,
        39.1, 40.7, 38.4, 39.7, 39.3, 40.1, 40.3, 39.9, 40.6, 40.0, 40.5, 40.1,
        39.8, 40.5, 40.6, 40.7, 40.3, 40.6, 39.7
      ],
      "loss": [
        10.19298267364502, 10.123631477355957, 10.343445777893066,
        10.663216590881348, 10.69761848449707, 10.962776184082031,
        10.790785789489746, 10.874874114990234, 10.777769088745117,
        10.917241096496582, 10.993125915527344, 11.234357833862305,
        11.219834327697754, 11.1083402633667, 11.30013656616211,
        11.35971736907959, 11.426694869995117, 10.9554443359375,
        10.778254508972168, 10.84069538116455, 10.899547576904297,
        10.980317115783691, 10.913009643554688, 11.148897171020508,
        11.06852912902832, 11.144591331481934, 11.116283416748047,
        11.137713432312012, 10.814127922058105, 11.0022554397583,
        10.966700553894043, 10.959193229675293, 11.0135498046875,
        11.150922775268555, 11.20339584350586, 11.293411254882812,
        11.32654857635498, 11.180152893066406, 11.188766479492188,
        10.591120719909668, 10.8191556930542, 10.613975524902344,
        10.647513389587402, 10.6115140914917, 10.697066307067871,
        10.769535064697266, 10.678082466125488, 10.823959350585938,
        10.751348495483398, 10.802764892578125, 10.761567115783691,
        10.782374382019043, 10.8431396484375, 10.905122756958008,
        10.910686492919922, 11.026045799255371, 10.591468811035156,
        10.150277137756348, 10.181862831115723, 10.246679306030273,
        10.202423095703125, 9.874086380004883, 9.936311721801758,
        9.887495994567871, 9.925039291381836, 9.401678085327148,
        9.209845542907715, 9.316420555114746, 9.240180015563965,
        9.241365432739258, 9.043505668640137, 9.076740264892578,
        9.236495971679688, 9.268813133239746, 9.17144775390625,
        9.237220764160156, 9.273101806640625, 9.208940505981445,
        9.22007942199707, 9.369668960571289, 9.188982963562012,
        9.299945831298828, 9.273344993591309, 9.351943969726562,
        9.34730052947998, 9.437699317932129, 9.509905815124512,
        9.458972930908203, 9.545076370239258, 9.598383903503418,
        9.671810150146484, 9.573805809020996, 9.548663139343262,
        9.566141128540039, 9.539687156677246, 9.511520385742188,
        9.639568328857422, 9.578265190124512, 9.545543670654297,
        9.675692558288574, 9.560922622680664, 9.699468612670898,
        9.770771980285645, 9.539695739746094, 9.50844955444336,
        9.51325798034668, 9.424280166625977, 9.419775009155273,
        9.381426811218262, 9.392605781555176, 9.549757957458496,
        9.555900573730469, 9.606748580932617, 9.549667358398438,
        9.598785400390625, 9.484241485595703, 9.502215385437012,
        9.532905578613281, 9.41552448272705, 9.460800170898438,
        9.47640609741211, 9.488829612731934, 9.562655448913574,
        9.600539207458496, 9.661293029785156, 9.625473976135254,
        9.744583129882812, 9.67666244506836, 9.731449127197266,
        9.745647430419922, 9.697135925292969, 9.683979988098145,
        9.632094383239746, 9.659160614013672, 9.279751777648926,
        9.27531909942627, 9.372332572937012, 9.443183898925781,
        9.378625869750977, 9.438776969909668, 9.41058349609375,
        9.410189628601074, 9.140692710876465, 9.167312622070312,
        9.207307815551758, 9.09533977508545, 9.05508041381836,
        9.090123176574707, 9.029006958007812, 9.00239372253418,
        9.00664234161377, 9.064098358154297, 9.10529899597168,
        9.136162757873535, 9.230539321899414, 9.191705703735352,
        9.232199668884277, 9.189652442932129, 9.14854621887207,
        9.153905868530273, 9.160813331604004, 8.856829643249512,
        8.891107559204102, 8.946338653564453, 9.037779808044434,
        9.0808687210083, 8.874112129211426, 8.895256042480469,
        8.905313491821289, 8.92906665802002, 8.472052574157715,
        8.537565231323242, 8.498468399047852, 8.494206428527832,
        8.43000316619873, 8.397782325744629, 8.408340454101562,
        8.185550689697266, 8.118961334228516, 8.169797897338867,
        8.184830665588379, 8.030755996704102, 8.005692481994629,
        7.960908889770508, 7.980710029602051, 7.945595741271973,
        8.003507614135742, 8.033085823059082, 8.016568183898926,
        8.038714408874512, 8.076026916503906, 8.046287536621094,
        8.100595474243164, 8.184321403503418, 8.158095359802246,
        8.096695899963379, 8.06466007232666, 8.105422019958496,
        8.04263687133789, 8.076925277709961, 7.668781757354736,
        7.489803791046143, 7.528914928436279, 7.583695411682129,
        7.6360273361206055, 7.534059524536133, 7.526752471923828,
        7.547004222869873, 7.577695846557617, 7.560235977172852,
        7.638391494750977, 7.645261764526367, 7.587003231048584,
        7.51067590713501, 7.557587146759033, 7.497867107391357,
        7.516002655029297, 7.298686504364014, 7.380737781524658,
        7.399430274963379, 7.406906604766846, 7.324224948883057,
        7.420186519622803, 7.446229457855225, 7.395928382873535,
        7.3266825675964355, 6.990716457366943, 7.045623302459717,
        7.05713415145874, 7.154135227203369, 7.177684307098389,
        7.134601593017578, 7.131734371185303, 7.156881809234619,
        6.884054660797119, 6.9529337882995605, 6.775297164916992,
        6.7708539962768555, 6.751080513000488, 6.709399223327637,
        6.734393119812012, 6.7146220207214355, 6.73531436920166,
        6.674067497253418, 6.708794116973877, 6.7249956130981445,
        6.684694766998291, 6.736743450164795, 6.7158379554748535,
        6.8101983070373535, 6.794025897979736, 6.781898021697998,
        6.7851433753967285, 6.766716957092285, 6.68940544128418,
        6.71505069732666, 6.531869411468506, 6.607632160186768,
        6.607319355010986, 6.57575798034668, 6.5276408195495605,
        6.58430290222168, 6.578348636627197, 6.5605010986328125,
        6.582466125488281, 6.551721096038818, 6.55612325668335,
        6.609616279602051, 6.5947980880737305, 6.677040100097656,
        6.693042278289795, 6.653213024139404, 6.552872180938721,
        6.598719120025635, 6.6660847663879395, 6.662108421325684,
        6.576916694641113, 6.523904800415039, 6.516139507293701,
        6.5046772956848145, 6.555569171905518, 6.391880989074707,
        6.396777629852295, 6.142123699188232, 6.228377819061279,
        6.3293232917785645, 6.221970558166504, 6.180798530578613,
        6.079439163208008, 6.1433892250061035, 6.064494609832764,
        6.051877021789551, 6.044426918029785, 6.059013843536377,
        6.096757411956787, 6.118081569671631, 6.102020263671875,
        6.146783828735352, 5.886285781860352, 5.889217853546143,
        5.930246353149414, 5.926621437072754, 5.907321453094482,
        5.8650946617126465, 5.673799514770508, 5.809961318969727,
        5.832378387451172, 5.798549652099609, 5.7710371017456055,
        5.552324295043945, 5.566638946533203, 5.643255710601807,
        5.617344856262207, 5.6063642501831055, 5.599143981933594,
        5.655930995941162, 5.58630895614624, 5.5967488288879395,
        5.61082124710083, 5.593113899230957, 5.573554992675781,
        5.579750061035156, 5.435046672821045, 5.475305557250977,
        5.455946922302246, 5.474600315093994, 5.469204902648926,
        5.448357105255127, 5.478784084320068, 5.43370246887207,
        5.455366134643555, 5.2733001708984375, 5.314960956573486,
        5.34675407409668, 5.412201404571533, 5.367764472961426,
        5.431728839874268, 5.408175468444824, 5.3971734046936035,
        5.46304988861084, 5.310119152069092, 5.2649407386779785,
        5.29307222366333, 5.288509845733643, 5.255545616149902,
        5.302525997161865, 5.340002059936523, 5.30261754989624,
        5.318662166595459, 5.354241371154785, 5.321364402770996,
        5.322074890136719, 5.2829084396362305, 5.263519287109375,
        5.280076503753662, 5.304287433624268, 5.308772563934326,
        5.261107921600342, 5.266695976257324, 5.322606086730957,
        5.497342109680176, 5.372410297393799, 5.346989154815674,
        5.382718086242676, 5.3506388664245605, 5.325455188751221,
        5.373775959014893, 5.358638286590576, 5.365970611572266,
        5.423564434051514, 5.4011945724487305, 5.369475841522217,
        5.424458026885986, 5.382369041442871, 5.508225440979004,
        5.451418876647949, 5.4360175132751465, 5.405489921569824,
        5.438730239868164, 5.46381139755249, 5.430115222930908,
        5.484097003936768, 5.450786590576172, 5.479471683502197,
        5.527341842651367, 5.533313751220703, 5.454524993896484,
        5.467885494232178, 5.518694877624512, 5.490394592285156,
        5.521725654602051
      ]
    }
  },
  {
    "RBS_5000_HL4": {
      "acc": [
        11.7, 11.9, 9.6, 8.4, 10.4, 10.1, 11.4, 11.5, 11.7, 11.8, 11.4, 11.5,
        11.9, 11.3, 11.6, 11.6, 11.0, 11.7, 12.8, 12.7, 13.8, 13.5, 13.5, 13.1,
        14.0, 13.8, 14.0, 14.5, 15.1, 14.5, 15.2, 15.5, 15.4, 15.3, 15.5, 15.1,
        14.9, 15.4, 15.8, 15.6, 14.9, 16.2, 15.5, 16.0, 16.1, 16.2, 16.3, 17.3,
        17.7, 17.4, 17.9, 17.1, 17.7, 17.8, 17.4, 16.7, 17.3, 17.3, 16.8, 16.9,
        17.5, 17.7, 17.9, 17.5, 19.1, 19.4, 19.4, 18.8, 20.1, 19.7, 20.1, 20.1,
        19.8, 19.3, 20.1, 20.3, 20.5, 21.7, 21.7, 21.0, 21.3, 20.5, 20.3, 21.2,
        21.8, 21.8, 21.8, 21.7, 20.7, 21.3, 21.3, 22.3, 23.1, 21.6, 23.2, 24.3,
        23.3, 23.7, 23.7, 23.8, 24.1, 24.1, 24.1, 24.8, 24.4, 23.7, 24.5, 24.0,
        24.2, 24.2, 24.6, 24.5, 24.3, 24.8, 24.4, 25.3, 25.1, 24.9, 24.7, 24.4,
        24.9, 24.6, 25.3, 25.9, 26.1, 26.2, 25.7, 25.8, 25.4, 25.0, 25.7, 26.4,
        26.9, 26.3, 27.2, 26.9, 26.9, 27.7, 28.4, 27.7, 28.0, 27.7, 27.8, 28.1,
        28.2, 28.3, 28.5, 28.6, 27.1, 28.1, 28.0, 28.6, 28.5, 29.2, 28.6, 28.2,
        29.3, 29.1, 29.2, 28.9, 28.5, 29.6, 30.2, 30.1, 30.5, 30.5, 31.0, 30.8,
        30.1, 30.5, 30.3, 30.1, 31.6, 30.7, 30.5, 31.5, 30.4, 30.8, 30.4, 30.0,
        30.1, 31.0, 31.5, 31.0, 30.7, 31.0, 31.4, 31.8, 31.6, 31.3, 31.8, 32.1,
        32.7, 32.5, 33.6, 33.8, 33.1, 33.3, 33.3, 34.4, 34.3, 35.9, 35.5, 35.0,
        34.5, 35.1, 34.7, 34.5, 35.5, 35.3, 34.5, 35.0, 33.8, 34.9, 35.1, 36.4,
        36.7, 36.7, 35.5, 35.8, 35.3, 35.9, 36.2, 36.8, 36.1, 37.4, 37.8, 36.8,
        37.7, 36.4, 36.7, 36.2, 36.8, 36.1, 37.3, 37.1, 38.0, 37.3, 37.9, 38.6,
        37.4, 37.0, 37.2, 37.7, 37.4, 36.5, 37.0, 36.8, 36.9, 35.7, 35.8, 36.4,
        37.1, 37.0, 37.6, 37.8, 37.2, 37.9, 38.4, 36.8, 38.0, 38.2, 38.9, 37.0,
        37.7, 38.5, 38.6, 38.6, 38.2, 38.4, 38.4, 38.9, 39.3, 37.6, 39.2, 38.3,
        38.6, 37.8, 38.2, 38.5, 38.8, 38.9, 37.5, 38.5, 38.2, 37.6, 37.4, 39.2,
        41.5, 39.1, 40.0, 39.5, 38.8, 39.0, 39.6, 40.6, 40.3, 40.2, 40.8, 40.3,
        39.7, 39.8, 39.6, 39.5, 40.7, 39.3, 40.2, 41.5, 41.7, 41.2, 41.2, 40.6,
        40.7, 40.8, 41.1, 41.8, 40.7, 40.6, 40.5, 39.3, 41.1, 40.7, 42.7, 42.1,
        42.5, 41.6, 41.4, 41.1, 40.6, 40.1, 41.5, 41.5, 41.8, 41.2, 40.3, 40.2,
        39.9, 39.8, 40.0, 41.0, 41.5, 41.0, 43.0, 43.3, 40.6, 41.3, 41.6, 41.5,
        40.8, 41.1, 39.8, 39.9, 41.8, 41.8, 41.4, 40.6, 41.7, 41.8, 41.4, 41.6,
        40.5, 41.0, 41.0, 39.1, 40.3, 41.0, 39.9, 39.8, 39.7, 40.0, 40.5, 40.4,
        38.9, 40.8, 39.6, 40.3, 38.7, 39.4, 39.4, 39.0, 39.3, 38.2, 38.8, 38.3,
        38.7, 37.9, 39.7, 39.3, 39.4, 39.2, 38.2
      ],
      "loss": [
        10.573872566223145, 10.664076805114746, 11.156245231628418,
        11.494180679321289, 11.029297828674316, 11.21091365814209,
        11.06299114227295, 11.28929328918457, 10.909323692321777,
        11.123686790466309, 11.343347549438477, 11.393878936767578,
        11.426581382751465, 11.226666450500488, 11.452804565429688,
        11.655564308166504, 11.826932907104492, 11.179021835327148,
        10.959887504577637, 11.026562690734863, 10.956953048706055,
        11.075263977050781, 11.14985179901123, 11.365880966186523,
        11.311667442321777, 11.275298118591309, 11.001677513122559,
        11.109182357788086, 10.486817359924316, 10.432692527770996,
        10.592522621154785, 10.543013572692871, 10.68603801727295,
        10.653280258178711, 10.81423568725586, 11.083595275878906,
        11.171563148498535, 11.081649780273438, 11.144731521606445,
        11.079032897949219, 11.202474594116211, 10.939305305480957,
        11.023036003112793, 11.086766242980957, 11.200765609741211,
        11.134181022644043, 11.092413902282715, 10.970416069030762,
        10.87451457977295, 10.975071907043457, 11.04607105255127,
        10.92831039428711, 10.903091430664062, 10.961254119873047,
        11.010184288024902, 11.150847434997559, 10.663182258605957,
        10.432450294494629, 10.469629287719727, 10.493242263793945,
        10.516692161560059, 9.977994918823242, 10.10067367553711,
        10.17546272277832, 10.147099494934082, 9.524589538574219,
        9.516911506652832, 9.6637601852417, 9.65693473815918, 9.74402904510498,
        9.450088500976562, 9.546629905700684, 9.630919456481934,
        9.654439926147461, 9.626579284667969, 9.78745174407959,
        9.81263256072998, 9.649325370788574, 9.0882568359375, 9.212162971496582,
        9.114401817321777, 9.343708038330078, 9.386423110961914,
        9.363325119018555, 9.312640190124512, 9.185529708862305,
        9.206990242004395, 9.286358833312988, 9.425468444824219,
        9.45439338684082, 9.505764961242676, 9.377755165100098,
        9.328601837158203, 9.429354667663574, 9.285330772399902,
        9.252840995788574, 9.444279670715332, 9.340470314025879,
        9.320691108703613, 9.4240083694458, 9.3585205078125, 9.44542121887207,
        9.530678749084473, 9.101876258850098, 9.10348892211914,
        9.233248710632324, 9.157805442810059, 9.122533798217773,
        9.218801498413086, 9.169729232788086, 9.174976348876953,
        9.227014541625977, 9.344161987304688, 9.400202751159668,
        9.491692543029785, 9.348624229431152, 9.347091674804688,
        9.407761573791504, 9.162260055541992, 9.187776565551758,
        9.210495948791504, 9.223932266235352, 9.255650520324707,
        9.231406211853027, 9.287603378295898, 9.313579559326172,
        9.380965232849121, 9.380720138549805, 9.433003425598145,
        9.49221420288086, 9.432021141052246, 9.365471839904785,
        9.302270889282227, 9.35528564453125, 8.93204116821289,
        8.913026809692383, 8.884191513061523, 8.888583183288574,
        8.869573593139648, 8.960330963134766, 9.045400619506836,
        9.06836223602295, 8.887537002563477, 8.840752601623535,
        8.833754539489746, 8.755158424377441, 8.696822166442871,
        8.755128860473633, 8.786511421203613, 8.703795433044434,
        8.734339714050293, 8.7822847366333, 8.785623550415039,
        8.812283515930176, 8.751148223876953, 8.795170783996582,
        8.77562427520752, 8.77072525024414, 8.802997589111328,
        8.848262786865234, 8.868400573730469, 8.494771003723145,
        8.5684814453125, 8.571184158325195, 8.697352409362793, 8.75278377532959,
        8.500092506408691, 8.565978050231934, 8.57169246673584,
        8.54343032836914, 8.4324951171875, 8.431638717651367, 8.29825210571289,
        8.28961181640625, 8.380488395690918, 8.372886657714844,
        8.435970306396484, 8.326276779174805, 8.156598091125488,
        8.17996597290039, 8.194648742675781, 7.880844593048096,
        7.84869384765625, 7.833938121795654, 7.867315292358398,
        7.87590217590332, 7.887513160705566, 7.9122490882873535,
        7.907439708709717, 7.965250015258789, 7.972187519073486,
        7.934756755828857, 7.992063522338867, 8.063592910766602,
        7.951388835906982, 7.956624984741211, 7.923597812652588,
        7.940756797790527, 7.930270195007324, 7.9266462326049805,
        7.905807971954346, 7.445580959320068, 7.486413955688477,
        7.44804048538208, 7.459268569946289, 7.396920204162598,
        7.437153339385986, 7.486319541931152, 7.432564735412598,
        7.443521022796631, 7.46064567565918, 7.462741374969482, 7.5382399559021,
        7.448966026306152, 7.459148406982422, 7.453991889953613,
        7.478691101074219, 7.26126766204834, 7.361540794372559,
        7.336006164550781, 7.376484394073486, 7.3345818519592285,
        7.316329002380371, 7.328624248504639, 7.360273838043213,
        7.325430393218994, 7.190739631652832, 7.201225757598877,
        7.166454315185547, 7.180792331695557, 7.20707893371582,
        7.194790840148926, 7.212046146392822, 7.291355133056641,
        7.100033283233643, 7.1213884353637695, 6.935098171234131,
        6.963921070098877, 6.956244945526123, 6.969017505645752,
        6.986086845397949, 7.027996063232422, 6.975633144378662,
        6.7232866287231445, 6.756369113922119, 6.820862293243408,
        6.786183834075928, 6.845388412475586, 6.834086894989014,
        6.840444564819336, 6.865103244781494, 6.865828514099121,
        6.831892490386963, 6.826777458190918, 6.811033248901367,
        6.848272800445557, 6.686757564544678, 6.737317085266113,
        6.697452545166016, 6.736830711364746, 6.651010513305664,
        6.703888893127441, 6.688172817230225, 6.748378753662109,
        6.718155384063721, 6.709957122802734, 6.710896015167236,
        6.732633113861084, 6.760763645172119, 6.8421831130981445,
        6.788870811462402, 6.73704195022583, 6.570750713348389,
        6.594789505004883, 6.700321197509766, 6.668095111846924,
        6.591024398803711, 6.6815996170043945, 6.632664203643799,
        6.661158084869385, 6.670394420623779, 6.505687713623047,
        6.62025785446167, 6.536220073699951, 6.521152019500732,
        6.572103023529053, 6.552959442138672, 6.44590425491333,
        6.000196933746338, 6.160759449005127, 6.114038467407227,
        6.143355846405029, 6.162378787994385, 6.119416236877441,
        6.185819149017334, 6.0189690589904785, 6.022181510925293,
        6.01657247543335, 5.8346967697143555, 5.876286506652832,
        5.930117130279541, 5.945889949798584, 5.925948143005371,
        5.973426342010498, 5.74207067489624, 5.798462390899658,
        5.770252227783203, 5.746109485626221, 5.744431495666504,
        5.632253646850586, 5.646734714508057, 5.619764804840088,
        5.641538143157959, 5.646326541900635, 5.651558876037598,
        5.608607769012451, 5.625543594360352, 5.654317378997803,
        5.660538673400879, 5.710903644561768, 5.64711332321167,
        5.683081150054932, 5.454950332641602, 5.510286331176758,
        5.486769676208496, 5.548501491546631, 5.540512561798096,
        5.545530796051025, 5.569718360900879, 5.560545444488525,
        5.485754489898682, 5.37258768081665, 5.397929668426514,
        5.39084529876709, 5.5056610107421875, 5.461870193481445,
        5.528085231781006, 5.524834156036377, 5.5120649337768555,
        5.452003479003906, 5.3127522468566895, 5.3261332511901855,
        5.265913486480713, 5.2623820304870605, 5.357314586639404,
        5.281489372253418, 5.23549747467041, 5.277512073516846,
        5.334344863891602, 5.3439202308654785, 5.364514350891113,
        5.406717300415039, 5.28130578994751, 5.288358211517334,
        5.317148208618164, 5.377986431121826, 5.322209358215332,
        5.3222270011901855, 5.3415846824646, 5.346452713012695,
        5.395847320556641, 5.343364715576172, 5.358735084533691,
        5.496347904205322, 5.4227213859558105, 5.362067222595215,
        5.4820876121521, 5.440812110900879, 5.4691267013549805,
        5.442715167999268, 5.439361572265625, 5.403036594390869,
        5.47130012512207, 5.404233455657959, 5.43353796005249,
        5.426356792449951, 5.518809795379639, 5.495197296142578,
        5.494069576263428, 5.5304951667785645, 5.516592025756836,
        5.579574108123779, 5.5513482093811035, 5.583145618438721,
        5.616210460662842, 5.64396858215332, 5.539448261260986,
        5.5406880378723145, 5.605055809020996, 5.608942985534668,
        5.642195224761963
      ]
    }
  },
  {
    "RBS_5000_HL5": {
      "acc": [
        12.2, 10.8, 8.7, 7.3, 10.2, 9.7, 11.3, 11.0, 11.4, 11.9, 11.3, 11.7,
        12.4, 11.9, 11.6, 12.4, 11.7, 12.3, 13.2, 12.7, 13.0, 13.3, 14.0, 13.3,
        14.0, 13.7, 14.1, 14.2, 14.1, 13.6, 14.0, 14.0, 14.9, 14.5, 15.2, 16.0,
        16.1, 15.8, 16.1, 16.4, 15.6, 16.2, 15.3, 16.1, 16.7, 16.7, 16.2, 16.8,
        16.5, 16.3, 17.1, 17.0, 17.4, 17.7, 17.6, 17.2, 17.7, 17.5, 16.9, 17.3,
        17.8, 18.6, 18.9, 19.0, 19.5, 19.3, 19.6, 18.9, 19.7, 19.7, 19.7, 19.2,
        19.1, 19.3, 19.8, 20.1, 19.7, 21.2, 22.1, 21.8, 21.8, 20.7, 20.6, 21.7,
        23.1, 23.1, 22.7, 22.2, 21.7, 22.6, 22.5, 23.3, 23.5, 23.3, 23.9, 24.7,
        23.8, 24.0, 24.3, 24.9, 25.2, 25.0, 24.9, 25.5, 25.1, 25.1, 25.3, 24.9,
        25.7, 26.1, 25.9, 26.4, 26.0, 26.3, 25.5, 26.6, 26.7, 27.0, 26.7, 26.1,
        26.1, 26.1, 26.5, 25.8, 26.4, 26.6, 26.7, 26.6, 27.0, 26.8, 27.5, 27.8,
        28.4, 28.0, 27.9, 28.3, 27.2, 28.2, 28.4, 27.9, 28.6, 27.8, 28.0, 29.0,
        29.3, 28.8, 29.5, 29.6, 28.9, 29.9, 29.0, 30.1, 30.6, 30.2, 29.6, 28.8,
        31.0, 30.9, 30.9, 30.5, 31.0, 30.4, 30.7, 30.3, 31.2, 31.5, 31.3, 32.0,
        31.7, 32.2, 31.7, 31.7, 31.4, 32.2, 31.9, 32.4, 32.4, 32.1, 32.4, 30.3,
        30.1, 31.1, 31.7, 31.8, 31.3, 32.1, 31.7, 32.2, 32.2, 32.6, 32.4, 32.9,
        33.5, 32.6, 33.6, 34.3, 33.7, 34.1, 34.5, 35.0, 35.0, 34.1, 34.9, 32.9,
        32.9, 33.9, 33.6, 33.0, 34.2, 34.3, 33.7, 34.5, 34.6, 35.7, 35.6, 35.7,
        36.1, 36.1, 35.8, 36.0, 36.5, 37.6, 37.3, 37.0, 37.5, 38.1, 37.4, 37.2,
        37.6, 36.4, 36.4, 37.4, 36.6, 36.5, 37.8, 37.6, 38.6, 39.1, 38.7, 38.1,
        37.7, 38.5, 39.2, 38.4, 39.0, 38.2, 38.9, 38.5, 38.6, 37.9, 38.2, 38.7,
        38.6, 39.3, 40.2, 39.4, 39.1, 39.9, 39.6, 37.9, 38.1, 38.9, 38.9, 37.6,
        38.2, 39.7, 39.8, 39.5, 39.9, 39.8, 38.7, 39.4, 41.1, 41.5, 39.1, 40.3,
        40.7, 38.7, 39.2, 40.9, 39.7, 41.5, 38.9, 39.8, 39.3, 37.7, 37.4, 39.5,
        40.2, 39.3, 40.1, 40.0, 39.3, 40.6, 40.1, 41.1, 40.6, 40.5, 43.8, 42.7,
        43.0, 42.0, 41.2, 41.7, 42.7, 40.8, 41.3, 42.6, 42.6, 42.8, 43.1, 42.3,
        42.4, 43.3, 42.4, 42.1, 41.6, 41.5, 41.4, 41.8, 42.7, 41.5, 43.4, 42.6,
        43.6, 43.2, 43.5, 43.4, 41.8, 43.8, 44.5, 44.6, 45.0, 44.3, 44.0, 44.1,
        43.3, 43.9, 44.1, 44.2, 46.2, 46.0, 44.9, 46.7, 46.1, 45.9, 45.0, 44.8,
        44.8, 45.4, 44.4, 44.6, 45.8, 45.9, 44.3, 44.6, 45.0, 45.0, 44.8, 44.6,
        42.7, 43.0, 43.4, 43.1, 44.1, 44.9, 43.8, 44.2, 44.5, 44.2, 44.0, 43.7,
        43.5, 44.6, 43.4, 44.1, 43.3, 43.5, 42.8, 43.2, 43.5, 41.3, 42.9, 42.7,
        42.9, 43.0, 44.6, 44.4, 43.6, 43.4, 43.6
      ],
      "loss": [
        10.32418441772461, 10.729622840881348, 11.174052238464355,
        11.532276153564453, 11.076187133789062, 11.252021789550781,
        11.09965705871582, 11.257584571838379, 11.285257339477539,
        11.232258796691895, 11.533722877502441, 11.525941848754883,
        11.392525672912598, 11.488356590270996, 11.522367477416992,
        11.477446556091309, 11.861767768859863, 10.66976261138916,
        10.581258773803711, 10.804178237915039, 10.919678688049316,
        10.694095611572266, 10.821616172790527, 10.972248077392578,
        11.00183391571045, 11.070586204528809, 10.99921989440918,
        10.87105655670166, 10.591081619262695, 10.801423072814941,
        10.839156150817871, 10.891475677490234, 10.757372856140137,
        10.910454750061035, 10.972021102905273, 10.90477466583252,
        10.905898094177246, 10.979449272155762, 11.037368774414062,
        10.547536849975586, 10.682265281677246, 10.499832153320312,
        10.629477500915527, 10.51630973815918, 10.684981346130371,
        10.670539855957031, 10.666155815124512, 10.634254455566406,
        10.687823295593262, 10.748148918151855, 10.77278995513916,
        10.751604080200195, 10.69003963470459, 10.746541023254395,
        10.784444808959961, 10.888446807861328, 10.749950408935547,
        10.188013076782227, 10.259732246398926, 10.293752670288086,
        10.179123878479004, 9.92852783203125, 9.916098594665527,
        10.05412769317627, 10.089897155761719, 9.816484451293945,
        9.689604759216309, 9.74898624420166, 9.68370532989502,
        9.889494895935059, 9.39468002319336, 9.411881446838379,
        9.546598434448242, 9.57298469543457, 9.57558536529541,
        9.549874305725098, 9.701653480529785, 9.601630210876465,
        9.234911918640137, 9.370558738708496, 9.305404663085938,
        9.513093948364258, 9.6168794631958, 9.558944702148438,
        9.497322082519531, 9.476846694946289, 9.533111572265625,
        9.546374320983887, 9.654837608337402, 9.684026718139648,
        9.718825340270996, 9.534276962280273, 9.430773735046387,
        9.525450706481934, 9.535667419433594, 9.522490501403809,
        9.558545112609863, 9.55548095703125, 9.548577308654785,
        9.664304733276367, 9.622536659240723, 9.72204875946045,
        9.788424491882324, 9.443964004516602, 9.466832160949707,
        9.623735427856445, 9.5109224319458, 9.47398567199707, 9.514936447143555,
        9.510311126708984, 9.612587928771973, 9.635462760925293,
        9.693260192871094, 9.709131240844727, 9.669295310974121,
        9.585270881652832, 9.62765884399414, 9.725543975830078,
        9.594223976135254, 9.58542251586914, 9.61020565032959,
        9.621000289916992, 9.694770812988281, 9.690545082092285,
        9.779252052307129, 9.72492504119873, 9.830488204956055,
        9.800019264221191, 9.851156234741211, 9.881211280822754,
        9.841655731201172, 9.817320823669434, 9.738426208496094,
        9.77670955657959, 9.556445121765137, 9.50422191619873,
        9.575541496276855, 9.577479362487793, 9.55066204071045,
        9.621417045593262, 9.579791069030762, 9.626046180725098,
        8.968999862670898, 8.875569343566895, 8.9160737991333,
        8.919140815734863, 8.880231857299805, 8.781692504882812,
        8.894169807434082, 8.86215877532959, 8.918203353881836,
        8.89256477355957, 8.931808471679688, 8.961302757263184,
        8.985570907592773, 9.048386573791504, 9.004411697387695,
        8.902692794799805, 8.927618980407715, 8.98923397064209,
        8.980534553527832, 8.872867584228516, 8.896292686462402,
        8.943283081054688, 9.047247886657715, 9.086488723754883,
        8.77450180053711, 8.818114280700684, 8.7520112991333, 8.794632911682129,
        8.421114921569824, 8.4931640625, 8.221678733825684, 8.263309478759766,
        8.235671997070312, 8.277297973632812, 8.343506813049316,
        8.100707054138184, 7.8194355964660645, 7.898816108703613,
        7.927374839782715, 7.718608379364014, 7.727771282196045,
        7.6804423332214355, 7.730228424072266, 7.719107627868652,
        7.721728801727295, 7.753471851348877, 7.752974510192871,
        7.6936469078063965, 7.769532203674316, 7.718164443969727,
        7.802713394165039, 7.882368087768555, 7.782262802124023,
        7.794589042663574, 7.807865142822266, 7.775300979614258,
        7.795830249786377, 7.823315620422363, 7.632399082183838,
        7.559105396270752, 7.550999164581299, 7.574315071105957,
        7.57163667678833, 7.49880313873291, 7.559157371520996,
        7.593418121337891, 7.526101112365723, 7.5413594245910645,
        7.593537330627441, 7.6048808097839355, 7.515063762664795,
        7.5163187980651855, 7.529531478881836, 7.57002592086792,
        7.5813679695129395, 7.513496398925781, 7.516695976257324,
        7.525173664093018, 7.498116493225098, 7.482954978942871,
        7.51348876953125, 7.511179447174072, 7.501129150390625,
        7.4760823249816895, 7.116362571716309, 7.103416442871094,
        7.090897083282471, 7.17404842376709, 7.197786808013916,
        7.15967321395874, 7.2569451332092285, 7.259607791900635,
        7.108765602111816, 7.1414103507995605, 7.0626678466796875,
        7.0517168045043945, 7.02830696105957, 7.071084976196289,
        7.078528881072998, 7.050472736358643, 7.039283752441406,
        6.828738212585449, 6.806376934051514, 6.892409801483154,
        6.830945014953613, 6.862358570098877, 6.860221862792969,
        6.944775104522705, 6.938521862030029, 6.914045810699463,
        6.909621715545654, 6.871737480163574, 6.861319065093994,
        6.848860263824463, 6.484649658203125, 6.4927544593811035,
        6.498751640319824, 6.549243450164795, 6.486050128936768,
        6.515082359313965, 6.507721900939941, 6.557700157165527,
        6.56218957901001, 6.54196310043335, 6.542815208435059,
        6.587130069732666, 6.547152519226074, 6.583962440490723,
        6.641901969909668, 6.58836555480957, 6.1238298416137695,
        6.033838748931885, 6.159328937530518, 6.087212562561035,
        6.07461404800415, 6.183483123779297, 6.1494598388671875,
        6.157905578613281, 6.1457624435424805, 5.982911109924316,
        6.094892978668213, 6.010415077209473, 5.977303504943848,
        6.089571952819824, 6.099460124969482, 6.032376289367676,
        5.901383876800537, 5.9600701332092285, 5.907905578613281,
        5.913068771362305, 5.9310760498046875, 5.8887176513671875,
        5.952322959899902, 5.9338274002075195, 5.903757095336914,
        5.935819149017334, 5.620870590209961, 5.67961311340332,
        5.697971343994141, 5.735176086425781, 5.755828380584717,
        5.751921653747559, 5.535470485687256, 5.6738715171813965,
        5.671172618865967, 5.6239519119262695, 5.607628345489502,
        5.449367046356201, 5.460171222686768, 5.478552341461182,
        5.475790500640869, 5.447898864746094, 5.465708255767822,
        5.468179702758789, 5.468938827514648, 5.4852094650268555,
        5.488697528839111, 5.489995002746582, 5.447816848754883,
        5.474221706390381, 5.34798526763916, 5.37314510345459,
        5.316864967346191, 5.348269462585449, 5.364153861999512,
        5.390453815460205, 5.4436564445495605, 5.330071449279785,
        5.304323673248291, 5.195242881774902, 5.173762321472168,
        5.1859002113342285, 5.238945960998535, 5.218239784240723,
        5.278670787811279, 5.273624420166016, 5.265750885009766,
        5.2904133796691895, 5.0409440994262695, 5.051197052001953,
        5.125679016113281, 5.063359260559082, 5.04676628112793,
        5.080284595489502, 5.106441497802734, 5.091059684753418,
        5.087109565734863, 5.084928512573242, 5.139172554016113,
        5.126026153564453, 5.103533744812012, 5.074357032775879,
        5.120511531829834, 5.09336519241333, 5.118467807769775,
        5.1074628829956055, 5.1251420974731445, 5.113986015319824,
        5.231305122375488, 5.204788684844971, 5.150266647338867,
        5.242043972015381, 5.190845012664795, 5.16782808303833,
        5.241791248321533, 5.2120184898376465, 5.178297996520996,
        5.221399784088135, 5.2347917556762695, 5.184154987335205,
        5.198951721191406, 5.16550874710083, 5.217735767364502,
        5.196720600128174, 5.212741851806641, 5.223047733306885,
        5.297865867614746, 5.255677700042725, 5.250378131866455,
        5.3343048095703125, 5.295405864715576, 5.308194160461426,
        5.339895725250244, 5.307706832885742, 5.196073532104492,
        5.239373683929443, 5.3068389892578125, 5.290835380554199,
        5.322292327880859
      ]
    }
  },
  {
    "RBS_5000_HL6": {
      "acc": [
        12.6, 12.1, 10.0, 8.1, 10.7, 9.8, 11.4, 11.2, 11.0, 11.5, 11.1, 11.2,
        13.0, 12.6, 12.0, 12.5, 12.2, 13.3, 13.7, 13.6, 14.5, 14.4, 14.5, 14.2,
        15.1, 15.1, 15.3, 15.1, 15.4, 14.1, 14.9, 15.9, 15.1, 14.9, 15.5, 15.8,
        16.0, 16.2, 16.1, 16.5, 16.1, 16.5, 16.2, 15.4, 16.2, 16.9, 16.2, 16.9,
        18.0, 17.2, 17.9, 17.9, 18.5, 18.5, 18.1, 17.8, 18.1, 18.0, 17.1, 17.3,
        17.9, 18.4, 18.5, 18.9, 19.0, 19.9, 20.1, 19.4, 20.3, 19.8, 19.0, 19.2,
        19.7, 19.4, 20.3, 20.6, 19.9, 21.2, 21.8, 21.0, 21.5, 21.0, 20.4, 21.0,
        21.7, 22.1, 21.8, 22.3, 20.9, 21.7, 21.5, 22.2, 22.1, 22.1, 23.1, 23.8,
        22.7, 23.6, 24.1, 24.0, 23.7, 23.8, 23.7, 24.0, 23.7, 23.9, 24.0, 23.8,
        24.6, 24.7, 24.9, 25.3, 25.3, 25.6, 25.0, 26.0, 26.0, 26.4, 25.7, 25.6,
        25.7, 25.1, 25.8, 25.3, 25.7, 26.2, 26.2, 26.2, 25.8, 26.1, 26.8, 26.6,
        27.8, 27.7, 27.4, 27.6, 25.7, 26.5, 27.1, 27.8, 28.3, 28.1, 28.8, 29.4,
        29.0, 28.3, 29.2, 29.3, 28.8, 29.8, 28.6, 28.9, 29.5, 29.5, 28.6, 28.6,
        29.3, 29.3, 29.9, 29.6, 29.5, 30.1, 30.8, 30.2, 30.7, 30.9, 30.2, 30.9,
        30.9, 30.9, 30.9, 30.9, 31.1, 31.1, 31.1, 31.3, 31.9, 31.7, 32.2, 32.4,
        32.5, 32.5, 31.9, 33.1, 33.1, 32.9, 33.0, 33.3, 33.5, 33.2, 33.2, 34.1,
        34.2, 33.6, 34.7, 35.2, 34.5, 35.4, 35.5, 35.8, 36.6, 35.8, 36.1, 35.7,
        35.8, 36.0, 35.9, 34.9, 36.7, 36.7, 36.5, 37.3, 36.6, 36.7, 37.0, 37.3,
        37.8, 37.2, 36.2, 36.5, 36.4, 37.2, 37.4, 37.4, 37.3, 38.8, 38.2, 37.6,
        38.0, 37.5, 37.2, 38.0, 37.3, 37.6, 37.6, 37.6, 37.8, 37.0, 37.5, 38.7,
        37.8, 37.4, 37.1, 37.8, 38.6, 37.5, 37.8, 36.9, 37.3, 37.0, 37.2, 37.4,
        37.5, 38.3, 38.6, 38.6, 38.5, 39.1, 38.7, 38.3, 38.9, 38.8, 38.9, 38.5,
        39.3, 39.8, 40.5, 40.5, 40.0, 37.7, 39.0, 38.8, 39.9, 39.7, 40.2, 40.5,
        40.5, 40.6, 40.2, 40.6, 39.4, 41.0, 39.4, 40.1, 40.2, 38.8, 39.0, 40.3,
        41.0, 39.5, 40.5, 40.8, 40.2, 41.4, 40.7, 41.6, 41.2, 40.5, 42.2, 42.4,
        42.1, 41.9, 41.6, 41.8, 41.5, 41.3, 42.0, 43.2, 42.5, 44.0, 42.3, 42.0,
        41.4, 41.9, 42.2, 41.8, 42.6, 42.7, 42.9, 43.1, 44.2, 43.0, 42.9, 43.2,
        43.9, 43.3, 41.8, 42.3, 42.9, 43.4, 43.7, 42.8, 43.9, 43.0, 42.7, 43.5,
        42.2, 42.7, 42.3, 43.0, 44.1, 43.6, 43.0, 44.1, 43.7, 43.0, 43.1, 43.5,
        43.5, 44.4, 43.7, 43.4, 45.0, 44.7, 44.0, 43.7, 43.6, 43.6, 43.8, 44.6,
        42.6, 43.3, 43.6, 42.9, 42.8, 43.1, 42.7, 42.6, 43.0, 42.9, 42.0, 42.2,
        40.9, 42.4, 41.7, 41.8, 42.4, 42.6, 41.5, 41.9, 42.4, 41.0, 41.6, 41.1,
        40.2, 40.7, 42.0, 41.4, 40.3, 41.1, 40.6
      ],
      "loss": [
        9.49356746673584, 9.744755744934082, 10.257271766662598,
        10.716316223144531, 10.171330451965332, 10.391287803649902,
        10.065388679504395, 10.297590255737305, 10.294744491577148,
        10.355886459350586, 10.612695693969727, 10.663740158081055,
        10.590805053710938, 10.559460639953613, 10.752239227294922,
        10.853350639343262, 11.082113265991211, 10.48454475402832,
        10.446192741394043, 10.513092041015625, 10.431768417358398,
        10.66170883178711, 10.524900436401367, 10.738083839416504,
        10.645284652709961, 10.637055397033691, 10.564946174621582,
        10.756085395812988, 10.038788795471191, 10.102417945861816,
        10.076040267944336, 10.066935539245605, 10.348959922790527,
        10.284053802490234, 10.300911903381348, 10.409964561462402,
        10.462635040283203, 10.393301010131836, 10.446277618408203,
        10.235457420349121, 10.415321350097656, 10.349788665771484,
        10.432940483093262, 10.459135055541992, 10.485871315002441,
        10.430556297302246, 10.532352447509766, 10.434562683105469,
        10.338129043579102, 10.516257286071777, 10.470244407653809,
        10.437922477722168, 10.445563316345215, 10.519577980041504,
        10.556462287902832, 10.672314643859863, 10.164101600646973,
        9.74368667602539, 9.796233177185059, 9.839395523071289,
        9.879730224609375, 9.762948989868164, 9.82327938079834,
        9.826924324035645, 9.900147438049316, 9.540175437927246,
        9.53049373626709, 9.631799697875977, 9.586651802062988,
        9.642195701599121, 9.4297513961792, 9.456380844116211,
        9.568719863891602, 9.545929908752441, 9.551027297973633,
        9.62169361114502, 9.689312934875488, 9.622775077819824,
        9.083982467651367, 9.194050788879395, 9.178144454956055,
        9.237383842468262, 9.31052017211914, 9.348280906677246,
        9.322219848632812, 9.186397552490234, 9.215408325195312,
        9.209677696228027, 9.34957218170166, 9.409838676452637,
        9.462462425231934, 9.211235046386719, 9.18420696258545,
        9.192401885986328, 9.170415878295898, 9.189979553222656,
        9.299324989318848, 9.27634048461914, 9.301430702209473,
        9.375723838806152, 9.42918872833252, 9.466558456420898,
        9.53406810760498, 9.262648582458496, 9.263741493225098, 9.3110990524292,
        9.224531173706055, 9.230541229248047, 9.227984428405762,
        9.25329303741455, 9.320963859558105, 9.295075416564941,
        9.345130920410156, 9.336640357971191, 9.399024963378906,
        9.29372787475586, 9.33328628540039, 9.386878967285156,
        8.962093353271484, 8.965988159179688, 8.98267650604248,
        8.956915855407715, 8.990447044372559, 9.025162696838379,
        9.063749313354492, 8.990812301635742, 9.086031913757324,
        9.03050708770752, 9.04832649230957, 9.066335678100586,
        9.066451072692871, 9.082473754882812, 9.053421974182129,
        9.066686630249023, 8.966585159301758, 8.888550758361816,
        9.009010314941406, 9.031912803649902, 8.969212532043457,
        8.99387264251709, 8.995019912719727, 8.978453636169434,
        8.74013900756836, 8.668439865112305, 8.704340934753418,
        8.778714179992676, 8.751258850097656, 8.754332542419434,
        8.731062889099121, 8.710051536560059, 8.812493324279785,
        8.818414688110352, 8.81470775604248, 8.849604606628418,
        8.905111312866211, 8.932271957397461, 8.922547340393066,
        8.816391944885254, 8.806547164916992, 8.884255409240723,
        8.845184326171875, 8.507718086242676, 8.533061981201172,
        8.546907424926758, 8.650408744812012, 8.69041919708252,
        8.514594078063965, 8.536715507507324, 8.50635051727295,
        8.511070251464844, 8.430142402648926, 8.45583438873291,
        8.225449562072754, 8.236823081970215, 8.287317276000977,
        8.265828132629395, 8.296703338623047, 8.132185935974121,
        8.0154390335083, 8.055577278137207, 8.083263397216797, 8.02733325958252,
        8.045175552368164, 7.97415018081665, 7.986276149749756,
        8.031319618225098, 8.028346061706543, 8.027959823608398,
        8.0143404006958, 8.091548919677734, 8.090781211853027,
        8.007413864135742, 8.040875434875488, 8.142301559448242,
        8.037927627563477, 8.025586128234863, 8.052885055541992,
        8.030500411987305, 8.004416465759277, 7.990162372589111,
        7.816718101501465, 7.704291343688965, 7.747636795043945,
        7.742905616760254, 7.746070384979248, 7.7150678634643555,
        7.7474365234375, 7.7925872802734375, 7.699273586273193,
        7.7879815101623535, 7.772794723510742, 7.736629486083984,
        7.7606072425842285, 7.713837146759033, 7.764902591705322,
        7.750253677368164, 7.738157272338867, 7.5527448654174805,
        7.601543426513672, 7.600139141082764, 7.599123001098633,
        7.563188552856445, 7.587477207183838, 7.570009231567383,
        7.57450008392334, 7.483719348907471, 7.278576850891113,
        7.236609935760498, 7.186548709869385, 7.206758499145508,
        7.227935791015625, 7.2655415534973145, 7.31675386428833,
        7.3105902671813965, 7.145880699157715, 7.1900858879089355,
        6.893012523651123, 6.888854026794434, 6.854734897613525,
        6.804662227630615, 6.851899147033691, 6.945310115814209,
        6.868686676025391, 6.739017486572266, 6.6877241134643555,
        6.7774763107299805, 6.746729373931885, 6.787173748016357,
        6.8296427726745605, 6.8152899742126465, 6.820879936218262,
        6.816277503967285, 6.752106189727783, 6.7446513175964355,
        6.735226154327393, 6.768448829650879, 6.607832431793213,
        6.614614963531494, 6.633602142333984, 6.611082553863525,
        6.587684631347656, 6.606475353240967, 6.617367267608643,
        6.599446773529053, 6.5664191246032715, 6.582383155822754,
        6.581442832946777, 6.581223011016846, 6.599799633026123,
        6.673825740814209, 6.654119491577148, 6.665405750274658,
        6.265830993652344, 6.234802722930908, 6.353585243225098,
        6.288723945617676, 6.273556709289551, 6.284899711608887,
        6.3204827308654785, 6.378462314605713, 6.446296691894531,
        6.190520286560059, 6.228277683258057, 6.027315616607666,
        6.021418571472168, 6.128624439239502, 6.13551664352417,
        6.07717227935791, 5.866454601287842, 5.9627885818481445,
        5.914125919342041, 5.907123565673828, 5.90616512298584,
        5.879965782165527, 5.982934951782227, 5.925205707550049,
        5.882843971252441, 5.932240009307861, 5.719852447509766,
        5.738027572631836, 5.7796454429626465, 5.764688968658447,
        5.764806270599365, 5.779780864715576, 5.707412242889404,
        5.7164154052734375, 5.69667911529541, 5.6538405418396,
        5.642467975616455, 5.35122013092041, 5.445599555969238,
        5.46685266494751, 5.527350902557373, 5.503273010253906,
        5.49216365814209, 5.483386993408203, 5.4080915451049805,
        5.399410724639893, 5.471460342407227, 5.463299751281738,
        5.446403503417969, 5.484837055206299, 5.247296333312988,
        5.260713577270508, 5.206198215484619, 5.253549098968506,
        5.327029228210449, 5.287684917449951, 5.3066887855529785,
        5.237903594970703, 5.210949420928955, 5.1354079246521,
        5.142525672912598, 5.18052339553833, 5.242969512939453,
        5.188017845153809, 5.268368244171143, 5.269538402557373,
        5.254370212554932, 5.2506232261657715, 5.138408184051514,
        5.086260795593262, 5.135797023773193, 5.0766987800598145,
        5.104119777679443, 5.133237838745117, 5.094655513763428,
        5.085609436035156, 5.100160598754883, 5.091510772705078,
        5.09658670425415, 5.121389389038086, 5.072337627410889,
        5.063352584838867, 5.074551582336426, 5.109610557556152,
        5.1101274490356445, 5.0733723640441895, 5.094224452972412,
        5.081057548522949, 5.1534104347229, 5.126556396484375,
        5.114600658416748, 5.169262409210205, 5.2286696434021,
        5.163645267486572, 5.226883888244629, 5.208296775817871,
        5.194284439086914, 5.209549903869629, 5.273699760437012,
        5.197381973266602, 5.222771167755127, 5.173340320587158,
        5.244348526000977, 5.223577976226807, 5.177638053894043,
        5.199419975280762, 5.251441478729248, 5.265944480895996,
        5.24850606918335, 5.300470352172852, 5.2805681228637695,
        5.307539463043213, 5.415825366973877, 5.384243965148926,
        5.332103252410889, 5.349157333374023, 5.442220211029053,
        5.387548446655273, 5.3537278175354
      ]
    }
  }
]