[
  {
    "RBS_10000": {
      "acc": [
        11.2, 11.7, 11.2, 9.9, 10.4, 10.6, 11.3, 11.6, 12.4, 12.4, 12.4, 12.5,
        12.7, 12.7, 12.7, 12.8, 12.7, 13.3, 14.1, 14.3, 14.6, 14.7, 15.4, 15.2,
        15.4, 15.7, 15.3, 15.6, 16.3, 16.6, 16.9, 16.9, 16.8, 17.3, 17.6, 17.5,
        17.4, 17.5, 17.4, 17.7, 17.4, 17.7, 17.6, 18.2, 18.5, 18.5, 18.7, 18.6,
        19.1, 19.0, 18.9, 18.9, 19.2, 19.3, 19.2, 19.3, 20.4, 20.4, 20.5, 20.6,
        20.7, 20.7, 20.9, 21.6, 21.6, 21.4, 22.0, 22.1, 22.5, 21.9, 22.0, 22.3,
        22.1, 21.8, 22.3, 22.4, 22.6, 23.3, 23.7, 23.5, 23.9, 23.7, 23.7, 23.8,
        24.7, 24.9, 24.5, 24.7, 24.7, 24.6, 24.5, 24.9, 24.7, 24.5, 24.8, 25.0,
        24.9, 24.9, 25.6, 26.0, 26.1, 26.4, 26.4, 26.1, 26.1, 26.1, 26.4, 26.5,
        27.2, 27.5, 27.1, 27.5, 27.5, 27.3, 26.9, 27.6, 27.9, 27.9, 28.0, 28.1,
        28.4, 28.3, 28.6, 28.7, 28.9, 29.3, 29.6, 29.6, 29.7, 29.2, 29.5, 30.4,
        30.5, 30.7, 30.7, 31.0, 30.6, 30.9, 31.3, 31.2, 31.5, 31.6, 32.2, 32.6,
        32.7, 32.6, 32.5, 32.9, 32.2, 31.9, 32.0, 32.0, 32.0, 32.1, 32.3, 32.9,
        33.0, 33.0, 33.2, 33.2, 33.3, 32.9, 33.5, 33.7, 34.1, 34.5, 34.9, 34.9,
        34.6, 34.4, 35.2, 34.9, 34.7, 35.4, 35.6, 36.1, 36.1, 36.1, 36.2, 36.4,
        37.0, 37.7, 37.9, 38.1, 38.3, 38.3, 38.3, 38.3, 38.3, 38.1, 38.3, 38.3,
        38.8, 38.8, 39.4, 39.3, 39.9, 40.2, 39.8, 40.1, 39.8, 39.4, 39.5, 39.8,
        40.3, 40.9, 40.9, 40.9, 41.0, 41.3, 41.4, 41.4, 41.0, 41.0, 41.4, 41.3,
        41.7, 41.4, 40.7, 41.0, 40.9, 41.4, 41.5, 41.7, 41.9, 42.4, 42.8, 42.6,
        42.9, 42.7, 42.7, 43.0, 43.0, 43.3, 41.9, 42.2, 42.5, 42.1, 42.0, 42.6,
        42.7, 42.5, 42.9, 43.1, 43.0, 43.1, 43.0, 43.3, 43.0, 43.3, 43.4, 43.4,
        43.4, 43.8, 44.7, 44.2, 44.3, 44.4, 44.6, 44.7, 44.4, 44.6, 44.7, 44.2,
        44.3, 44.6, 44.7, 45.2, 45.8, 45.3, 45.3, 45.4, 46.3, 46.3, 46.2, 46.3,
        46.4, 46.7, 46.2, 46.3, 46.5, 47.5, 46.7, 45.8, 46.1, 45.5, 46.1, 46.0,
        46.7, 47.0, 47.2, 47.2, 47.0, 46.6, 46.6, 47.0, 47.1, 47.2, 48.8, 48.6,
        48.6, 49.0, 49.0, 48.7, 48.6, 48.2, 48.2, 48.4, 48.5, 48.3, 48.8, 48.8,
        49.0, 49.0, 49.1, 49.3, 49.5, 50.1, 50.2, 49.7, 49.4, 49.8, 49.5, 49.6,
        50.2, 50.0, 50.2, 49.6, 49.2, 49.5, 49.6, 49.3, 49.8, 49.4, 49.0, 49.0,
        49.1, 49.2, 49.4, 49.6, 49.4, 49.7, 49.9, 50.1, 50.4, 49.8, 50.2, 49.8,
        49.9, 49.9, 49.5, 49.4, 50.2, 50.4, 50.5, 50.4, 50.4, 50.5, 50.5, 50.1,
        49.5, 49.7, 49.3, 48.7, 48.6, 48.3, 47.4, 47.8, 47.8, 48.1, 48.1, 48.2,
        48.5, 48.5, 48.6, 48.4, 48.5, 48.5, 48.5, 48.8, 49.0, 48.9, 48.9, 48.5,
        48.6, 48.1, 48.4, 48.6, 48.2, 47.8, 48.1
      ],
      "loss": [
        10.287592887878418, 10.283923149108887, 10.417166709899902,
        10.5941801071167, 10.652769088745117, 10.72983169555664,
        10.677619934082031, 10.670520782470703, 10.697016716003418,
        10.764392852783203, 10.837738037109375, 10.896016120910645,
        10.919060707092285, 11.033705711364746, 11.130229949951172,
        11.172013282775879, 11.231463432312012, 11.086029052734375,
        11.069483757019043, 11.114742279052734, 11.142163276672363,
        11.220624923706055, 11.247239112854004, 11.322861671447754,
        11.32737922668457, 11.374188423156738, 11.42401123046875,
        11.457581520080566, 10.837203025817871, 10.88343334197998,
        10.948165893554688, 10.982292175292969, 11.063612937927246,
        11.081489562988281, 11.091363906860352, 11.187272071838379,
        11.290101051330566, 11.323068618774414, 11.370619773864746,
        11.296368598937988, 11.349021911621094, 11.202347755432129,
        11.24848747253418, 11.279366493225098, 11.272734642028809,
        11.296225547790527, 11.237707138061523, 11.227334022521973,
        11.248141288757324, 11.27998161315918, 11.31536865234375,
        11.366501808166504, 11.380241394042969, 11.398238182067871,
        11.426660537719727, 11.437466621398926, 10.92148494720459,
        10.504903793334961, 10.511407852172852, 10.563810348510742,
        10.615044593811035, 9.946234703063965, 9.994845390319824,
        10.009815216064453, 10.090201377868652, 9.912432670593262,
        9.601886749267578, 9.631932258605957, 9.632444381713867,
        9.68336296081543, 9.557921409606934, 9.586666107177734,
        9.66409683227539, 9.740913391113281, 9.737380027770996,
        9.77411937713623, 9.819648742675781, 9.766077041625977,
        9.569092750549316, 9.608757972717285, 9.637374877929688,
        9.662028312683105, 9.68138313293457, 9.720833778381348,
        9.692094802856445, 9.721607208251953, 9.75379753112793,
        9.797480583190918, 9.824529647827148, 9.87498664855957,
        9.938014030456543, 9.736202239990234, 9.739294052124023,
        9.81512451171875, 9.822571754455566, 9.700309753417969,
        9.759596824645996, 9.774331092834473, 9.738923072814941,
        9.727059364318848, 9.729562759399414, 9.76350212097168,
        9.788991928100586, 9.440600395202637, 9.440349578857422,
        9.466958999633789, 9.413991928100586, 9.439127922058105,
        9.438212394714355, 9.442904472351074, 9.513283729553223,
        9.468572616577148, 9.498983383178711, 9.539698600769043,
        9.57209300994873, 9.558534622192383, 9.568888664245605,
        9.587492942810059, 9.455007553100586, 9.440582275390625,
        9.462207794189453, 9.47545051574707, 9.478780746459961,
        9.519280433654785, 9.511296272277832, 9.522956848144531,
        9.527347564697266, 9.540268898010254, 9.568004608154297,
        9.615550994873047, 9.620476722717285, 9.537699699401855,
        9.529032707214355, 9.533079147338867, 9.247078895568848,
        9.202388763427734, 9.212631225585938, 9.239165306091309,
        9.239441871643066, 9.248425483703613, 9.277167320251465,
        9.289397239685059, 9.105366706848145, 9.09605598449707,
        9.07883071899414, 9.05016040802002, 9.062764167785645,
        9.062684059143066, 9.150041580200195, 9.159480094909668,
        9.162396430969238, 9.192168235778809, 9.200295448303223,
        9.209007263183594, 9.218329429626465, 9.236275672912598,
        9.270011901855469, 9.262646675109863, 9.234049797058105,
        9.243494033813477, 9.270309448242188, 9.158557891845703,
        9.145750999450684, 9.139162063598633, 9.105910301208496,
        9.119429588317871, 8.806758880615234, 8.811731338500977,
        8.8115816116333, 8.835022926330566, 8.726592063903809, 8.75411319732666,
        8.631821632385254, 8.654757499694824, 8.681275367736816,
        8.6831636428833, 8.70016098022461, 8.58005428314209, 8.37864875793457,
        8.374168395996094, 8.372092247009277, 7.905764579772949,
        7.869846820831299, 7.873749256134033, 7.890314102172852,
        7.8946919441223145, 7.909708023071289, 7.925933361053467,
        7.940239906311035, 7.979659557342529, 7.992107391357422,
        8.001175880432129, 8.001394271850586, 8.023077964782715,
        7.984053611755371, 7.9980034828186035, 7.943507671356201,
        7.957344055175781, 7.967411041259766, 7.986047744750977,
        7.5529022216796875, 7.42739725112915, 7.430508136749268,
        7.408544540405273, 7.406031131744385, 7.406492233276367,
        7.380510330200195, 7.3859148025512695, 7.3892717361450195,
        7.391759872436523, 7.3989787101745605, 7.378604888916016,
        7.350632190704346, 7.3609137535095215, 7.361466407775879,
        7.356629848480225, 7.351938724517822, 7.253159999847412,
        7.247179985046387, 7.266541004180908, 7.24148416519165,
        7.241671562194824, 7.240561485290527, 7.250296115875244,
        7.244235515594482, 7.237953186035156, 7.0378570556640625,
        7.02122163772583, 7.013565540313721, 7.019086837768555,
        7.018426418304443, 7.0096211433410645, 7.020697593688965, 7.021484375,
        6.723881721496582, 6.682974815368652, 6.531644344329834,
        6.525205135345459, 6.530327320098877, 6.510399341583252,
        6.49479866027832, 6.555151462554932, 6.515374660491943,
        6.359153747558594, 6.367362976074219, 6.367957592010498,
        6.368821620941162, 6.382059574127197, 6.424662113189697,
        6.4153008460998535, 6.411506652832031, 6.41256856918335,
        6.409299850463867, 6.399191379547119, 6.390902996063232,
        6.396645545959473, 6.284209728240967, 6.282370090484619,
        6.291920185089111, 6.29688024520874, 6.288992881774902,
        6.2907490730285645, 6.293822288513184, 6.306849956512451,
        6.306362152099609, 6.310437202453613, 6.301399230957031,
        6.29524040222168, 6.295003890991211, 6.316068172454834,
        6.3060688972473145, 6.297092437744141, 6.166593074798584,
        6.132236957550049, 6.18575382232666, 6.174973011016846,
        6.152273178100586, 6.161756992340088, 6.1619696617126465,
        6.183504581451416, 6.162566661834717, 5.911994934082031,
        5.954068660736084, 5.8395771980285645, 5.831919193267822,
        5.847573757171631, 5.822127342224121, 5.815713882446289,
        5.583095550537109, 5.589502334594727, 5.575305461883545,
        5.56395959854126, 5.5688958168029785, 5.579738140106201,
        5.606127738952637, 5.56866455078125, 5.564755916595459,
        5.548088550567627, 5.333658218383789, 5.3229570388793945,
        5.333805561065674, 5.328517436981201, 5.315927505493164,
        5.315423965454102, 5.152154922485352, 5.143345832824707,
        5.156044960021973, 5.145700931549072, 5.133090496063232,
        5.035334587097168, 5.020773887634277, 5.012742519378662,
        5.009769916534424, 5.004018306732178, 4.994653701782227,
        4.986605644226074, 4.984979152679443, 4.977826118469238,
        4.972964286804199, 4.98427152633667, 4.97861385345459,
        4.975119590759277, 4.81719970703125, 4.80519437789917,
        4.784704685211182, 4.7909440994262695, 4.795517921447754,
        4.806534290313721, 4.828676700592041, 4.822157382965088,
        4.809383392333984, 4.624510765075684, 4.625665187835693,
        4.615879535675049, 4.640780448913574, 4.640719890594482,
        4.651697158813477, 4.660075664520264, 4.652467727661133,
        4.641414642333984, 4.529195785522461, 4.498688697814941,
        4.482968330383301, 4.48326301574707, 4.47934627532959,
        4.477506637573242, 4.470916748046875, 4.480521202087402,
        4.472147464752197, 4.486558437347412, 4.506677627563477,
        4.5147576332092285, 4.484755992889404, 4.475870132446289,
        4.479399681091309, 4.471254825592041, 4.4765400886535645,
        4.456697463989258, 4.456509590148926, 4.48652458190918,
        4.516046047210693, 4.514707088470459, 4.511584281921387,
        4.556217670440674, 4.549864768981934, 4.551656246185303,
        4.583227634429932, 4.56137228012085, 4.557133674621582,
        4.560065746307373, 4.556207656860352, 4.544224262237549,
        4.5238142013549805, 4.5179595947265625, 4.52462100982666,
        4.524455547332764, 4.512384414672852, 4.519966125488281,
        4.5291523933410645, 4.542918682098389, 4.535434246063232,
        4.540597438812256, 4.542980670928955, 4.562333106994629,
        4.5854620933532715, 4.599768161773682, 4.564977645874023,
        4.560141086578369, 4.5782060623168945, 4.5978264808654785,
        4.566917419433594
      ]
    }
  },
  {
    "RBS_10000_HL1": {
      "acc": [
        12.1, 11.3, 10.5, 9.7, 10.5, 10.1, 10.7, 11.1, 12.1, 12.4, 12.1, 12.4,
        12.9, 12.7, 12.6, 12.8, 12.7, 13.0, 13.9, 14.1, 14.4, 14.5, 14.9, 15.0,
        15.1, 15.0, 15.3, 15.6, 15.7, 16.4, 16.3, 16.4, 16.6, 17.0, 16.9, 17.3,
        17.4, 17.6, 17.6, 17.8, 17.6, 18.0, 18.0, 18.4, 18.2, 18.4, 18.6, 19.0,
        19.5, 18.9, 18.5, 18.8, 19.1, 19.3, 19.4, 19.2, 19.9, 19.8, 20.1, 20.4,
        20.4, 20.6, 20.5, 21.8, 21.7, 22.0, 22.3, 22.1, 22.4, 22.3, 22.1, 22.5,
        22.3, 22.2, 22.5, 22.3, 22.5, 23.0, 23.2, 23.3, 23.7, 23.5, 23.7, 23.8,
        24.6, 24.8, 25.0, 25.0, 25.0, 25.0, 24.9, 24.9, 25.2, 25.3, 25.3, 26.0,
        25.7, 26.0, 26.1, 26.1, 25.9, 26.1, 26.1, 26.4, 26.2, 26.5, 26.7, 26.7,
        26.9, 27.1, 27.2, 27.3, 28.0, 28.0, 27.7, 28.0, 28.1, 28.1, 28.3, 28.3,
        28.4, 28.2, 28.9, 28.7, 28.7, 29.3, 29.5, 29.3, 29.7, 29.4, 29.2, 29.9,
        30.1, 30.1, 30.3, 30.5, 30.2, 30.7, 30.5, 30.5, 30.1, 30.3, 30.8, 30.6,
        31.1, 31.1, 30.9, 31.5, 31.6, 31.6, 31.9, 32.1, 32.2, 32.4, 32.6, 32.9,
        33.2, 33.2, 33.4, 33.3, 33.4, 32.6, 33.3, 33.3, 33.6, 33.7, 34.0, 33.8,
        33.9, 33.6, 33.6, 33.0, 32.8, 33.7, 34.2, 34.2, 34.0, 34.3, 35.0, 35.7,
        35.9, 35.8, 36.4, 36.5, 36.5, 36.5, 36.9, 37.0, 37.2, 37.6, 37.9, 38.1,
        37.9, 37.8, 38.4, 38.6, 38.6, 38.7, 39.1, 39.0, 39.1, 39.4, 39.2, 39.4,
        39.2, 39.6, 39.6, 39.7, 39.6, 39.8, 40.1, 40.1, 40.0, 40.2, 40.6, 40.6,
        40.9, 41.5, 41.0, 41.1, 40.9, 41.1, 41.7, 41.7, 42.0, 42.4, 41.3, 41.5,
        41.4, 41.8, 42.0, 42.3, 42.0, 42.1, 41.6, 41.7, 41.4, 41.7, 41.4, 42.2,
        42.4, 42.3, 42.2, 42.1, 42.2, 42.5, 42.6, 42.0, 41.9, 42.6, 42.4, 42.3,
        42.2, 42.3, 42.8, 42.9, 42.7, 42.9, 42.9, 42.9, 43.2, 43.6, 43.8, 43.2,
        43.6, 43.8, 44.2, 44.5, 44.7, 45.0, 45.0, 45.1, 45.3, 45.4, 45.1, 45.6,
        45.8, 45.9, 45.8, 45.8, 46.2, 47.3, 46.4, 46.3, 46.4, 45.9, 46.2, 46.6,
        47.0, 46.4, 46.7, 46.9, 47.0, 47.0, 46.4, 47.4, 47.4, 47.5, 48.4, 48.4,
        48.4, 48.1, 48.3, 48.6, 48.7, 47.7, 48.0, 48.1, 48.3, 48.9, 48.9, 49.1,
        49.3, 49.4, 49.6, 49.5, 50.0, 50.0, 50.2, 50.1, 49.9, 50.2, 50.9, 51.3,
        51.4, 51.0, 51.1, 50.2, 49.6, 49.7, 49.8, 51.5, 51.1, 50.6, 50.1, 50.2,
        50.2, 50.0, 49.5, 49.4, 50.8, 50.7, 50.3, 50.9, 50.8, 51.0, 50.7, 50.6,
        50.8, 51.3, 51.2, 51.0, 52.0, 51.6, 51.4, 51.2, 51.5, 51.3, 51.3, 51.4,
        50.4, 50.1, 50.1, 49.5, 49.7, 50.2, 49.6, 49.5, 49.5, 49.3, 49.7, 49.0,
        48.9, 49.2, 49.0, 49.0, 49.6, 49.3, 49.4, 48.8, 49.2, 48.5, 48.3, 48.6,
        48.4, 48.5, 49.1, 48.9, 48.6, 48.5, 48.3
      ],
      "loss": [
        10.32099723815918, 10.428874969482422, 10.598806381225586,
        10.769267082214355, 10.687822341918945, 10.83587646484375,
        10.793983459472656, 10.860905647277832, 10.78970718383789,
        10.811915397644043, 10.93204402923584, 10.996000289916992,
        11.04965591430664, 11.1138334274292, 11.170512199401855,
        11.245193481445312, 11.311348915100098, 11.031709671020508,
        10.961047172546387, 10.97062873840332, 11.018193244934082,
        11.068597793579102, 11.10677433013916, 11.17939567565918,
        11.215787887573242, 11.282363891601562, 11.305496215820312,
        11.338665008544922, 10.419866561889648, 10.446016311645508,
        10.51041316986084, 10.564984321594238, 10.655380249023438,
        10.70332145690918, 10.800816535949707, 10.894144058227539,
        10.984098434448242, 10.998360633850098, 11.129035949707031,
        10.874175071716309, 10.967098236083984, 10.881591796875,
        10.936297416687012, 10.951525688171387, 11.0220365524292,
        11.076494216918945, 11.088334083557129, 11.077326774597168,
        11.086841583251953, 11.12692928314209, 11.148061752319336,
        11.16968059539795, 11.206184387207031, 11.236931800842285,
        11.28186321258545, 11.366872787475586, 10.662590980529785,
        10.20042896270752, 10.249972343444824, 10.276090621948242,
        10.323383331298828, 10.033295631408691, 10.070189476013184,
        10.029561996459961, 10.075113296508789, 9.968952178955078,
        9.59549617767334, 9.671524047851562, 9.661064147949219,
        9.754528999328613, 9.614461898803711, 9.62988567352295,
        9.70905876159668, 9.75050163269043, 9.747566223144531, 9.81810474395752,
        9.843402862548828, 9.811869621276855, 9.41716480255127,
        9.478099822998047, 9.492545127868652, 9.541687965393066,
        9.49445915222168, 9.529829978942871, 9.52077579498291,
        9.506335258483887, 9.513628005981445, 9.543835639953613,
        9.574273109436035, 9.611615180969238, 9.660331726074219,
        9.669327735900879, 9.64114761352539, 9.669526100158691,
        9.667988777160645, 9.483821868896484, 9.584433555603027,
        9.610024452209473, 9.621212005615234, 9.594317436218262,
        9.632466316223145, 9.63988208770752, 9.663043022155762,
        9.328691482543945, 9.320130348205566, 9.297542572021484,
        9.2412748336792, 9.257226943969727, 9.272237777709961,
        9.308385848999023, 9.333571434020996, 9.356510162353516,
        9.384603500366211, 9.379237174987793, 9.414898872375488,
        9.395819664001465, 9.408266067504883, 9.408590316772461,
        9.16979694366455, 9.171119689941406, 9.183001518249512,
        9.190435409545898, 9.178215026855469, 9.168503761291504,
        9.170098304748535, 9.177202224731445, 9.167778015136719,
        9.186824798583984, 9.199596405029297, 9.241153717041016,
        9.26393985748291, 9.179553985595703, 9.175950050354004,
        9.185458183288574, 9.00083065032959, 8.998501777648926,
        9.014811515808105, 9.02927017211914, 9.041017532348633,
        9.053812026977539, 9.096160888671875, 9.10030460357666,
        8.686631202697754, 8.701769828796387, 8.684839248657227,
        8.672240257263184, 8.700016975402832, 8.65617847442627,
        8.698294639587402, 8.714686393737793, 8.718017578125, 8.730327606201172,
        8.731659889221191, 8.737218856811523, 8.731742858886719,
        8.749752044677734, 8.777464866638184, 8.763291358947754,
        8.754549026489258, 8.769979476928711, 8.782780647277832,
        8.580348014831543, 8.573348999023438, 8.589323997497559,
        8.663326263427734, 8.680081367492676, 8.557564735412598,
        8.546472549438477, 8.544551849365234, 8.568449974060059,
        8.17652416229248, 8.217119216918945, 8.037125587463379,
        8.017834663391113, 7.963390827178955, 7.963675498962402,
        7.963520050048828, 7.628907203674316, 7.446212291717529,
        7.452179908752441, 7.447946548461914, 7.277726173400879,
        7.2328667640686035, 7.174258708953857, 7.1657514572143555,
        7.176274299621582, 7.160367488861084, 7.178380012512207,
        7.196331977844238, 7.179627418518066, 7.172863483428955,
        7.1727776527404785, 7.213041305541992, 7.244330883026123,
        7.1889495849609375, 7.177454471588135, 7.153931140899658,
        7.1564741134643555, 7.1494317054748535, 7.164443492889404,
        6.94772481918335, 6.8028483390808105, 6.815801620483398,
        6.826934337615967, 6.833828926086426, 6.835940361022949,
        6.847327709197998, 6.842299461364746, 6.832310676574707,
        6.820286750793457, 6.822141170501709, 6.827157497406006,
        6.816862106323242, 6.810821056365967, 6.796967029571533,
        6.799731254577637, 6.801638126373291, 6.717720031738281,
        6.7294464111328125, 6.74390983581543, 6.73941707611084,
        6.730908393859863, 6.731258392333984, 6.739211559295654,
        6.727145195007324, 6.699308395385742, 6.538869857788086,
        6.509426593780518, 6.4887285232543945, 6.495699882507324,
        6.508448123931885, 6.486940383911133, 6.504253387451172,
        6.538783550262451, 6.401810646057129, 6.381641387939453,
        6.347176551818848, 6.325717449188232, 6.325984001159668,
        6.308600902557373, 6.312017440795898, 6.3181233406066895,
        6.315170764923096, 6.090137481689453, 6.068495273590088,
        6.07554817199707, 6.074628829956055, 6.075109004974365,
        6.092358112335205, 6.0991129875183105, 6.118570804595947,
        6.122183322906494, 6.118310451507568, 6.132977485656738,
        6.1204047203063965, 6.119959354400635, 6.0785369873046875,
        6.085304260253906, 6.1086626052856445, 6.128152370452881,
        6.116278171539307, 6.113342761993408, 6.1205973625183105,
        6.134713172912598, 6.127045154571533, 6.116140365600586,
        6.101656436920166, 6.099907875061035, 6.100163459777832,
        6.109299659729004, 6.107053279876709, 6.104256629943848,
        5.948005676269531, 5.920663833618164, 5.94700813293457,
        5.933948040008545, 5.9162068367004395, 5.896282196044922,
        5.899305820465088, 5.910401821136475, 5.867234706878662,
        5.749030590057373, 5.7800517082214355, 5.673883438110352,
        5.662754535675049, 5.675079345703125, 5.641611576080322,
        5.642464637756348, 5.482909679412842, 5.495814323425293,
        5.5016303062438965, 5.501377582550049, 5.492833614349365,
        5.496927261352539, 5.517362117767334, 5.502758026123047,
        5.491008281707764, 5.48836612701416, 5.276707649230957,
        5.276043891906738, 5.285525798797607, 5.2980475425720215,
        5.279513835906982, 5.255943298339844, 5.187854766845703,
        5.215898513793945, 5.210099697113037, 5.20393180847168,
        5.200601100921631, 5.077829837799072, 5.0589165687561035,
        5.056941986083984, 5.043649673461914, 5.04611349105835,
        5.042764663696289, 5.0359086990356445, 5.022843837738037,
        5.017609119415283, 5.024351596832275, 5.020124912261963,
        5.01863956451416, 5.014649391174316, 4.815487384796143,
        4.818079948425293, 4.822515964508057, 4.825404644012451,
        4.819023609161377, 4.842042446136475, 4.870406150817871,
        4.878157138824463, 4.8630051612854, 4.612240791320801,
        4.616701602935791, 4.625880241394043, 4.643415927886963,
        4.655759334564209, 4.675689697265625, 4.672163009643555,
        4.685096263885498, 4.681341171264648, 4.500569820404053,
        4.495983600616455, 4.485917568206787, 4.473821640014648,
        4.463718891143799, 4.461800575256348, 4.450919151306152,
        4.458758354187012, 4.450054168701172, 4.436389446258545,
        4.441928863525391, 4.455132007598877, 4.422057151794434,
        4.421783924102783, 4.43074893951416, 4.434886455535889,
        4.431186676025391, 4.430622577667236, 4.435622692108154,
        4.447977542877197, 4.492005348205566, 4.498051166534424,
        4.495240211486816, 4.505434036254883, 4.508285045623779,
        4.506109714508057, 4.517784595489502, 4.51870584487915,
        4.507791519165039, 4.516201972961426, 4.515798091888428,
        4.519139766693115, 4.527553558349609, 4.509912490844727,
        4.513393402099609, 4.51243257522583, 4.4988484382629395,
        4.513972759246826, 4.528330326080322, 4.538834095001221,
        4.530465602874756, 4.547511100769043, 4.546278953552246,
        4.5628557205200195, 4.577279090881348, 4.5871076583862305,
        4.5609025955200195, 4.558239936828613, 4.570944786071777,
        4.588067531585693, 4.583323955535889
      ]
    }
  },
  {
    "RBS_10000_HL2": {
      "acc": [
        11.6, 11.6, 9.7, 9.0, 11.1, 10.3, 11.4, 10.9, 11.8, 12.6, 11.8, 12.0,
        12.5, 12.4, 12.9, 13.1, 12.5, 13.3, 13.8, 13.8, 14.1, 14.2, 14.9, 14.9,
        14.8, 14.7, 15.1, 15.6, 15.6, 15.7, 16.4, 16.4, 16.4, 16.4, 16.5, 16.5,
        16.7, 17.3, 16.9, 17.6, 17.3, 17.9, 17.7, 18.2, 17.9, 18.1, 18.0, 17.8,
        18.5, 17.8, 18.4, 18.2, 18.6, 18.9, 19.1, 18.7, 19.4, 19.5, 19.6, 19.7,
        20.1, 19.8, 20.0, 20.7, 20.7, 21.3, 21.3, 20.8, 21.3, 21.0, 20.9, 21.1,
        21.2, 21.3, 21.6, 21.7, 21.6, 22.2, 22.2, 22.3, 22.6, 22.1, 22.6, 23.3,
        23.3, 23.4, 23.0, 23.1, 22.6, 23.4, 23.5, 23.9, 24.0, 23.7, 24.4, 24.8,
        24.3, 25.0, 24.9, 25.3, 25.1, 25.3, 25.4, 25.3, 25.2, 25.3, 25.5, 25.3,
        25.8, 25.7, 26.2, 26.7, 26.9, 26.6, 26.4, 26.7, 26.9, 27.0, 27.0, 27.3,
        27.3, 27.3, 27.5, 27.8, 28.1, 28.5, 28.7, 28.9, 28.7, 28.7, 28.9, 29.4,
        29.6, 29.9, 29.8, 29.7, 29.9, 30.3, 30.6, 30.6, 30.3, 30.1, 30.3, 31.1,
        31.3, 31.3, 31.3, 31.6, 31.0, 31.3, 31.6, 31.6, 32.0, 31.9, 31.6, 32.0,
        32.3, 32.5, 32.5, 32.9, 32.9, 33.4, 33.3, 32.5, 33.2, 33.1, 33.1, 33.3,
        33.5, 33.2, 33.9, 33.6, 34.0, 34.1, 34.5, 35.2, 35.2, 34.9, 35.3, 34.7,
        34.9, 35.2, 35.9, 36.0, 36.1, 36.1, 36.1, 36.3, 36.4, 36.3, 36.4, 36.8,
        37.3, 36.7, 37.5, 37.7, 38.1, 38.1, 38.5, 38.1, 37.6, 37.3, 37.2, 36.9,
        36.9, 37.1, 37.6, 37.7, 38.0, 38.2, 37.9, 37.7, 37.2, 37.7, 37.9, 39.0,
        38.9, 38.5, 38.8, 39.3, 39.2, 38.9, 39.0, 39.4, 39.8, 40.3, 40.2, 39.5,
        40.2, 40.1, 40.0, 40.4, 40.2, 39.9, 40.3, 40.2, 40.6, 39.8, 40.3, 40.2,
        39.8, 39.6, 39.6, 40.8, 39.8, 40.2, 40.2, 40.5, 40.5, 40.2, 40.6, 40.5,
        40.5, 40.6, 41.3, 41.4, 41.8, 41.8, 41.6, 41.3, 41.6, 41.5, 41.7, 42.0,
        42.1, 42.6, 42.6, 42.8, 42.9, 42.3, 42.2, 42.9, 42.5, 42.2, 42.1, 42.1,
        43.0, 42.4, 42.8, 42.9, 43.0, 43.8, 43.2, 43.8, 43.3, 41.8, 41.7, 42.2,
        42.0, 41.6, 42.4, 42.9, 43.2, 43.7, 43.5, 44.1, 44.3, 44.0, 45.7, 45.3,
        45.0, 44.6, 44.6, 44.7, 45.7, 44.7, 45.0, 45.6, 46.1, 45.6, 46.2, 45.6,
        45.8, 45.8, 46.1, 46.0, 45.9, 45.6, 46.0, 45.7, 46.5, 46.4, 46.8, 46.8,
        46.7, 46.5, 46.5, 46.0, 45.9, 45.9, 45.8, 47.3, 47.4, 46.8, 46.9, 46.7,
        46.3, 46.4, 46.2, 46.6, 47.4, 46.7, 46.3, 47.1, 47.7, 47.7, 47.9, 47.9,
        48.1, 48.0, 47.4, 47.7, 48.8, 49.0, 48.6, 48.7, 49.0, 49.3, 48.5, 48.2,
        46.2, 47.5, 47.1, 47.1, 47.1, 47.7, 46.9, 47.2, 47.7, 47.4, 47.5, 47.5,
        45.7, 46.8, 46.6, 47.0, 46.1, 47.4, 47.2, 47.2, 47.0, 46.7, 46.9, 46.7,
        46.2, 46.3, 47.0, 46.9, 46.5, 45.9, 45.9
      ],
      "loss": [
        10.845388412475586, 10.819782257080078, 11.218343734741211,
        11.43624496459961, 11.079256057739258, 11.278538703918457,
        11.169163703918457, 11.283522605895996, 11.192854881286621,
        11.17835521697998, 11.359920501708984, 11.40890121459961,
        11.413686752319336, 11.460521697998047, 11.419110298156738,
        11.511171340942383, 11.637957572937012, 10.57072639465332,
        10.534769058227539, 10.580012321472168, 10.53260326385498,
        10.47205638885498, 10.561351776123047, 10.717595100402832,
        10.850119590759277, 10.781835556030273, 10.820564270019531,
        10.83510684967041, 10.163914680480957, 10.202595710754395,
        10.317926406860352, 10.429574966430664, 10.40649700164795,
        10.463377952575684, 10.618480682373047, 10.763940811157227,
        10.825088500976562, 10.802386283874512, 10.875913619995117,
        10.692415237426758, 10.779264450073242, 10.68050479888916,
        10.701303482055664, 10.650895118713379, 10.793281555175781,
        10.761192321777344, 10.813714981079102, 10.747282981872559,
        10.788690567016602, 10.837238311767578, 10.875311851501465,
        10.832574844360352, 10.84809684753418, 10.90737533569336,
        10.89226245880127, 10.972213745117188, 10.772089958190918,
        10.446186065673828, 10.48776626586914, 10.519161224365234,
        10.440069198608398, 10.320103645324707, 10.403098106384277,
        10.442115783691406, 10.48961353302002, 10.246772766113281,
        9.736566543579102, 9.786693572998047, 9.753623962402344,
        9.85082721710205, 9.63068675994873, 9.654814720153809,
        9.767024040222168, 9.816421508789062, 9.828651428222656,
        9.926361083984375, 9.99065113067627, 9.945459365844727,
        9.81889820098877, 9.958191871643066, 9.921382904052734,
        10.038487434387207, 10.026257514953613, 9.98025131225586,
        10.005961418151855, 10.025321006774902, 10.093681335449219,
        10.07912826538086, 10.109681129455566, 10.097855567932129,
        10.100996017456055, 9.922053337097168, 9.92749309539795,
        9.999556541442871, 9.931835174560547, 9.744656562805176,
        9.799623489379883, 9.750082969665527, 9.799906730651855,
        9.814973831176758, 9.844663619995117, 9.86941146850586,
        9.910155296325684, 9.598516464233398, 9.602509498596191,
        9.623797416687012, 9.529582023620605, 9.535314559936523,
        9.554758071899414, 9.584619522094727, 9.674050331115723,
        9.624175071716309, 9.663435935974121, 9.682841300964355,
        9.687905311584473, 9.687150955200195, 9.708995819091797,
        9.728058815002441, 9.339641571044922, 9.322707176208496,
        9.347037315368652, 9.343659400939941, 9.378246307373047,
        9.393285751342773, 9.410855293273926, 9.404263496398926,
        9.45966911315918, 9.440751075744629, 9.451299667358398,
        9.480507850646973, 9.505711555480957, 9.37986946105957,
        9.409772872924805, 9.402503967285156, 9.10085391998291,
        9.120302200317383, 9.132378578186035, 9.233549118041992,
        9.180975914001465, 9.20959186553955, 9.245401382446289,
        9.24917221069336, 8.975921630859375, 8.941153526306152,
        8.889158248901367, 8.828980445861816, 8.860751152038574,
        8.858328819274902, 8.977534294128418, 8.948141098022461,
        8.911730766296387, 8.926228523254395, 8.911346435546875,
        8.941116333007812, 8.95606803894043, 8.945846557617188,
        9.029556274414062, 8.993647575378418, 8.970645904541016,
        8.969099998474121, 8.950334548950195, 8.637513160705566,
        8.638909339904785, 8.663580894470215, 8.671514511108398,
        8.706780433654785, 8.52023983001709, 8.566882133483887,
        8.551281929016113, 8.574506759643555, 8.36356258392334,
        8.410578727722168, 8.299718856811523, 8.350581169128418,
        8.381792068481445, 8.364727020263672, 8.383334159851074,
        8.236959457397461, 8.174659729003906, 8.205077171325684,
        8.225227355957031, 8.052762985229492, 7.999803066253662,
        7.997490882873535, 8.001303672790527, 7.995662212371826,
        8.00991439819336, 8.020609855651855, 7.99948263168335,
        8.036663055419922, 8.046964645385742, 8.037301063537598,
        8.03983211517334, 8.071208000183105, 8.003519058227539,
        8.016139030456543, 8.000597953796387, 8.001792907714844,
        7.972352981567383, 7.993819236755371, 7.812807559967041,
        7.586705207824707, 7.563091278076172, 7.541012287139893,
        7.5569071769714355, 7.535098075866699, 7.507062911987305,
        7.520763397216797, 7.508337020874023, 7.525063991546631,
        7.558172702789307, 7.536090850830078, 7.510293006896973,
        7.448899269104004, 7.475167751312256, 7.486088275909424,
        7.509155750274658, 7.212243556976318, 7.198785305023193,
        7.230980396270752, 7.198312282562256, 7.17833948135376,
        7.20389986038208, 7.232151508331299, 7.208528518676758,
        7.20452880859375, 6.900821685791016, 6.8970947265625, 6.876929759979248,
        6.889980792999268, 6.913097858428955, 6.902782440185547,
        6.918294429779053, 6.947190284729004, 6.84535551071167,
        6.851036071777344, 6.685769081115723, 6.688698768615723,
        6.656876564025879, 6.6868896484375, 6.677678108215332,
        6.738672256469727, 6.717581272125244, 6.5388593673706055,
        6.557411193847656, 6.57323694229126, 6.56869649887085,
        6.592461109161377, 6.623442649841309, 6.636458396911621,
        6.640352725982666, 6.6520256996154785, 6.653648376464844,
        6.678325653076172, 6.614030361175537, 6.63191032409668,
        6.453703880310059, 6.475288391113281, 6.489726543426514,
        6.468704700469971, 6.416959762573242, 6.438523292541504,
        6.4605302810668945, 6.446774959564209, 6.464388847351074,
        6.439724922180176, 6.433256149291992, 6.458840370178223,
        6.45277738571167, 6.511599063873291, 6.525318145751953,
        6.4954400062561035, 6.307365417480469, 6.307357311248779,
        6.376977443695068, 6.336606025695801, 6.283385276794434,
        6.324054718017578, 6.295083999633789, 6.328434944152832,
        6.2956743240356445, 6.0987935066223145, 6.086863994598389,
        5.838503837585449, 5.866110324859619, 5.916490077972412,
        5.8331427574157715, 5.838047981262207, 5.6784443855285645,
        5.70884895324707, 5.674225330352783, 5.6666789054870605,
        5.638734817504883, 5.611412525177002, 5.655526638031006,
        5.63134241104126, 5.6206583976745605, 5.623363018035889,
        5.419888496398926, 5.453157424926758, 5.45868444442749,
        5.479787349700928, 5.459775924682617, 5.412855625152588,
        5.287624835968018, 5.325009822845459, 5.348339080810547,
        5.330731391906738, 5.30812406539917, 5.22843074798584, 5.20081090927124,
        5.206005096435547, 5.196208953857422, 5.162230014801025,
        5.16845178604126, 5.173739433288574, 5.175197601318359,
        5.1890153884887695, 5.192431926727295, 5.168824195861816,
        5.160255432128906, 5.168041229248047, 4.9242682456970215,
        4.92634916305542, 4.924394130706787, 4.931115627288818,
        4.935547351837158, 4.951577663421631, 4.9603729248046875,
        4.951409339904785, 4.9481282234191895, 4.704765319824219,
        4.719316005706787, 4.722490310668945, 4.769935131072998,
        4.76919412612915, 4.80446195602417, 4.805483341217041,
        4.818214416503906, 4.8089494705200195, 4.711499214172363,
        4.700502872467041, 4.727613925933838, 4.703219413757324,
        4.707591533660889, 4.700162887573242, 4.689554691314697,
        4.692957878112793, 4.705625057220459, 4.709442138671875,
        4.704875469207764, 4.719243049621582, 4.654966354370117,
        4.663416862487793, 4.670369625091553, 4.6850481033325195,
        4.689859390258789, 4.676291465759277, 4.689018249511719,
        4.699270248413086, 4.76677942276001, 4.720614910125732,
        4.713477611541748, 4.743610382080078, 4.732920169830322,
        4.726743221282959, 4.764430046081543, 4.750938892364502,
        4.752800941467285, 4.7469048500061035, 4.756367206573486,
        4.731972694396973, 4.777992248535156, 4.747317314147949,
        4.74772310256958, 4.737559795379639, 4.746758937835693,
        4.732419967651367, 4.742385387420654, 4.762014389038086,
        4.75091552734375, 4.758114337921143, 4.756386756896973,
        4.765842437744141, 4.800678253173828, 4.812375545501709,
        4.736438751220703, 4.75028657913208, 4.762350559234619,
        4.778467655181885, 4.795907020568848
      ]
    }
  },
  {
    "RBS_10000_HL3": {
      "acc": [
        12.0, 12.0, 10.4, 9.2, 10.1, 9.6, 11.6, 11.6, 11.6, 12.0, 11.8, 12.0,
        13.1, 12.2, 12.2, 12.8, 12.7, 12.9, 13.9, 13.9, 14.6, 14.9, 15.1, 14.6,
        15.4, 15.5, 15.2, 16.0, 16.1, 16.1, 16.5, 16.9, 17.2, 17.1, 17.1, 17.4,
        17.3, 17.3, 17.5, 17.9, 17.3, 17.7, 18.0, 18.0, 18.2, 18.3, 18.1, 17.9,
        18.5, 18.7, 19.0, 18.6, 19.3, 19.4, 19.4, 19.3, 19.0, 19.8, 20.5, 20.5,
        20.8, 21.1, 21.4, 21.4, 21.7, 21.9, 21.7, 21.6, 22.5, 21.9, 21.7, 21.7,
        21.6, 21.1, 21.8, 21.7, 21.7, 22.9, 22.7, 22.8, 22.8, 22.1, 22.4, 22.7,
        23.3, 23.9, 24.1, 23.8, 23.6, 23.9, 23.5, 23.2, 23.7, 24.0, 24.9, 25.0,
        24.3, 24.8, 24.9, 25.2, 24.9, 25.3, 25.5, 25.7, 25.3, 25.7, 25.7, 25.3,
        26.3, 26.1, 26.5, 26.0, 25.6, 26.1, 26.0, 26.5, 26.5, 26.5, 26.8, 27.0,
        26.9, 26.4, 27.3, 27.1, 27.5, 28.5, 27.7, 28.1, 27.4, 27.4, 28.1, 28.5,
        28.9, 28.5, 28.0, 28.5, 28.3, 28.8, 29.1, 29.1, 29.3, 29.3, 29.9, 30.7,
        30.6, 30.8, 31.5, 31.5, 30.8, 31.3, 31.4, 31.5, 31.8, 31.7, 30.9, 30.9,
        31.3, 31.8, 32.0, 31.9, 31.8, 32.3, 31.9, 32.3, 31.7, 31.8, 32.3, 32.5,
        32.5, 32.7, 33.0, 32.8, 32.6, 32.9, 33.3, 33.3, 33.6, 33.3, 33.6, 33.2,
        33.2, 33.4, 34.5, 34.6, 34.3, 34.6, 34.6, 34.8, 34.9, 35.3, 35.4, 35.4,
        35.1, 34.7, 36.0, 36.4, 37.1, 36.8, 37.0, 36.9, 37.1, 35.8, 35.7, 34.8,
        34.4, 35.8, 35.9, 36.1, 35.9, 35.8, 35.7, 36.6, 37.3, 37.6, 37.3, 37.9,
        38.0, 37.4, 37.8, 37.3, 38.4, 38.7, 38.8, 38.8, 38.8, 39.3, 39.2, 39.8,
        39.6, 38.8, 39.1, 38.9, 39.0, 39.6, 39.7, 38.7, 39.4, 39.4, 39.8, 40.0,
        40.3, 40.6, 40.2, 41.4, 41.0, 40.6, 41.0, 40.5, 40.4, 39.5, 40.2, 40.6,
        40.2, 40.6, 41.0, 41.2, 42.1, 42.3, 42.0, 42.1, 42.0, 41.7, 42.3, 42.8,
        42.9, 42.9, 42.7, 42.6, 42.8, 41.3, 40.8, 41.6, 42.7, 42.1, 41.2, 41.4,
        42.4, 42.3, 42.6, 42.3, 41.8, 43.4, 42.6, 44.1, 43.6, 41.8, 42.8, 43.2,
        44.2, 42.8, 43.3, 43.0, 43.8, 43.9, 43.4, 44.2, 44.3, 44.2, 45.9, 45.4,
        44.9, 44.9, 45.4, 45.0, 44.6, 44.3, 44.3, 45.6, 45.0, 45.4, 45.0, 45.4,
        44.8, 44.8, 45.1, 45.5, 45.8, 45.2, 45.4, 45.4, 46.2, 46.2, 46.9, 47.4,
        47.4, 47.3, 47.4, 46.9, 47.0, 47.0, 47.2, 46.4, 46.5, 47.0, 46.1, 45.9,
        46.2, 45.9, 45.9, 46.5, 48.2, 47.0, 46.2, 46.8, 46.6, 47.1, 47.4, 47.4,
        47.2, 47.0, 46.8, 47.0, 47.5, 47.8, 48.1, 48.0, 47.8, 48.0, 47.3, 46.3,
        45.8, 46.2, 46.5, 46.5, 46.6, 46.4, 46.5, 46.4, 46.9, 46.7, 46.4, 46.0,
        45.1, 46.1, 45.8, 46.1, 46.3, 46.0, 46.5, 46.2, 46.9, 46.6, 46.7, 45.8,
        45.6, 45.4, 47.2, 46.4, 46.4, 46.1, 45.4
      ],
      "loss": [
        10.525769233703613, 10.79640007019043, 11.19015121459961,
        11.539861679077148, 11.435965538024902, 11.638199806213379,
        11.064828872680664, 11.31972599029541, 11.253724098205566,
        11.383631706237793, 11.57105827331543, 11.621394157409668,
        11.291312217712402, 11.394408226013184, 11.516642570495605,
        11.50838851928711, 11.69981861114502, 10.634095191955566,
        10.548982620239258, 10.60635757446289, 10.618707656860352,
        10.59371566772461, 10.58237075805664, 10.775903701782227,
        10.85477352142334, 10.896985054016113, 10.912927627563477,
        10.893107414245605, 10.750970840454102, 10.846028327941895,
        10.83912181854248, 10.842411041259766, 10.848055839538574,
        10.937313079833984, 11.020930290222168, 11.084705352783203,
        11.121820449829102, 11.063297271728516, 11.118087768554688,
        10.796661376953125, 10.921459197998047, 10.741923332214355,
        10.847138404846191, 10.785384178161621, 10.897611618041992,
        10.978303909301758, 10.942546844482422, 10.974943161010742,
        10.984315872192383, 11.022388458251953, 10.997645378112793,
        11.02051067352295, 11.03701400756836, 11.079682350158691,
        11.157266616821289, 11.271036148071289, 10.735161781311035,
        9.922882080078125, 9.656011581420898, 9.716983795166016,
        9.723722457885742, 9.62677001953125, 9.696928977966309,
        9.798270225524902, 9.743706703186035, 9.559123039245605,
        9.210009574890137, 9.23514175415039, 9.13650894165039,
        9.226644515991211, 8.87772274017334, 8.867218017578125,
        9.036808967590332, 9.111347198486328, 9.071226119995117,
        9.190329551696777, 9.194250106811523, 9.17259693145752,
        8.79880428314209, 8.874009132385254, 8.945846557617188,
        9.07210636138916, 9.108877182006836, 9.113614082336426,
        9.125255584716797, 9.090288162231445, 9.135809898376465,
        9.15463924407959, 9.265986442565918, 9.29180908203125,
        9.328948020935059, 9.266007423400879, 9.290131568908691,
        9.390193939208984, 9.334775924682617, 9.160334587097168,
        9.202760696411133, 9.179627418518066, 9.19873332977295,
        9.225252151489258, 9.235620498657227, 9.268498420715332,
        9.313641548156738, 9.16429328918457, 9.173251152038574,
        9.248023986816406, 9.136499404907227, 9.134245872497559,
        9.136646270751953, 9.144369125366211, 9.169027328491211,
        9.204903602600098, 9.303838729858398, 9.299117088317871,
        9.338403701782227, 9.254365921020508, 9.261458396911621,
        9.32241153717041, 9.222302436828613, 9.19116497039795, 9.21763801574707,
        9.274309158325195, 9.292566299438477, 9.328319549560547,
        9.3248291015625, 9.275630950927734, 9.329808235168457,
        9.295854568481445, 9.379705429077148, 9.449176788330078,
        9.447013854980469, 9.39163589477539, 9.365467071533203,
        9.383988380432129, 9.231064796447754, 9.175704956054688,
        9.244942665100098, 9.24895191192627, 9.216425895690918,
        9.272024154663086, 9.27200984954834, 9.266006469726562,
        8.86215877532959, 8.7127103805542, 8.756295204162598, 8.71052360534668,
        8.699861526489258, 8.722389221191406, 8.876007080078125,
        8.823668479919434, 8.843958854675293, 8.902836799621582,
        8.908123970031738, 8.959482192993164, 9.000410079956055,
        8.981531143188477, 8.996380805969238, 8.896855354309082,
        8.892767906188965, 8.914859771728516, 8.917381286621094,
        8.828810691833496, 8.837465286254883, 8.869213104248047,
        8.954373359680176, 8.969854354858398, 8.646968841552734,
        8.668438911437988, 8.586848258972168, 8.640483856201172,
        8.436429977416992, 8.480722427368164, 8.253436088562012,
        8.272629737854004, 8.285547256469727, 8.28916072845459,
        8.277045249938965, 8.187689781188965, 7.917033672332764,
        7.929892539978027, 7.945352554321289, 7.878139495849609,
        7.785770893096924, 7.826299667358398, 7.817505836486816,
        7.8192219734191895, 7.843648433685303, 7.880037784576416,
        7.859541893005371, 7.88615083694458, 7.886956691741943,
        7.900516510009766, 7.949998378753662, 7.9918131828308105,
        7.876226902008057, 7.886563301086426, 7.876226902008057,
        7.897671699523926, 7.8941802978515625, 7.904124736785889,
        7.744546413421631, 7.7282915115356445, 7.708095073699951,
        7.7575225830078125, 7.783007621765137, 7.7141900062561035,
        7.665986061096191, 7.688710689544678, 7.675407886505127,
        7.701325416564941, 7.757391452789307, 7.7021331787109375,
        7.637308597564697, 7.607543468475342, 7.648414134979248,
        7.599023818969727, 7.595695972442627, 7.405570030212402,
        7.394989013671875, 7.465533256530762, 7.406543731689453,
        7.404131889343262, 7.405246257781982, 7.44441556930542,
        7.429488658905029, 7.419419765472412, 7.17225980758667,
        7.091447353363037, 7.077461242675781, 7.133328914642334,
        7.16734504699707, 7.163957595825195, 7.167026042938232,
        7.169399738311768, 7.057123184204102, 7.0911970138549805,
        6.977534770965576, 6.979267597198486, 6.95259952545166,
        6.9762492179870605, 6.949582576751709, 6.973450183868408,
        6.963631629943848, 6.672458648681641, 6.69119119644165,
        6.697116851806641, 6.702215671539307, 6.706652641296387,
        6.737750053405762, 6.774955749511719, 6.760345935821533,
        6.753985404968262, 6.746073246002197, 6.728544235229492,
        6.71120548248291, 6.712573051452637, 6.504518985748291,
        6.510382175445557, 6.509251117706299, 6.509171485900879,
        6.47903299331665, 6.488533973693848, 6.49115514755249,
        6.493864059448242, 6.485866546630859, 6.493467807769775,
        6.500836372375488, 6.498639106750488, 6.492277145385742,
        6.562048435211182, 6.5577898025512695, 6.53745174407959,
        6.185062885284424, 6.176881790161133, 6.305606842041016,
        6.2442522048950195, 6.191924571990967, 6.255545616149902,
        6.216489791870117, 6.260128498077393, 6.230769634246826,
        6.051517486572266, 6.073634624481201, 5.896832466125488,
        5.912344932556152, 5.989321708679199, 5.9303879737854,
        5.926847457885742, 5.696678638458252, 5.751133918762207,
        5.731911659240723, 5.725270748138428, 5.719790458679199,
        5.7254815101623535, 5.773733615875244, 5.739475727081299,
        5.7211809158325195, 5.724058151245117, 5.458423614501953,
        5.475408554077148, 5.503495693206787, 5.513931751251221,
        5.477268218994141, 5.482269287109375, 5.390349388122559,
        5.402831077575684, 5.454042911529541, 5.421435356140137,
        5.416704177856445, 5.154387474060059, 5.162158012390137,
        5.157296180725098, 5.161780834197998, 5.129212856292725,
        5.100609302520752, 5.097782611846924, 5.091442584991455,
        5.11223030090332, 5.097708702087402, 5.106748580932617,
        5.098382472991943, 5.08680534362793, 4.93634033203125, 4.91648530960083,
        4.8901686668396, 4.897519588470459, 4.909541606903076,
        4.906827926635742, 4.90673828125, 4.896448612213135, 4.872549057006836,
        4.803909778594971, 4.808163642883301, 4.802899360656738,
        4.839889049530029, 4.839949607849121, 4.853673458099365,
        4.858270168304443, 4.8426008224487305, 4.835870265960693,
        4.622157096862793, 4.660740375518799, 4.664651870727539,
        4.630009174346924, 4.64461612701416, 4.636942386627197,
        4.624118804931641, 4.639825820922852, 4.642558574676514,
        4.636074066162109, 4.621459007263184, 4.634723663330078,
        4.602255344390869, 4.589144706726074, 4.577160358428955,
        4.59702730178833, 4.5950140953063965, 4.621675491333008,
        4.654990196228027, 4.663508415222168, 4.692523002624512,
        4.683169841766357, 4.670965194702148, 4.714700698852539,
        4.713588237762451, 4.7090744972229, 4.732194900512695,
        4.720693588256836, 4.709894180297852, 4.703184604644775,
        4.725702285766602, 4.704617500305176, 4.744284629821777,
        4.720575332641602, 4.706771373748779, 4.70875883102417,
        4.670318126678467, 4.690089225769043, 4.70499849319458,
        4.728960990905762, 4.724408149719238, 4.729947090148926,
        4.739480018615723, 4.757074356079102, 4.810311317443848,
        4.811606407165527, 4.686297416687012, 4.734637260437012,
        4.753077507019043, 4.76660680770874, 4.779806613922119
      ]
    }
  },
  {
    "RBS_10000_HL4": {
      "acc": [
        12.4, 12.0, 9.8, 8.5, 11.0, 10.7, 11.2, 11.2, 11.7, 12.5, 11.6, 12.0,
        13.0, 13.0, 12.9, 12.8, 12.4, 12.9, 13.9, 13.9, 14.8, 15.2, 15.1, 15.6,
        15.7, 15.7, 16.0, 16.5, 16.7, 16.3, 16.1, 16.1, 16.8, 16.8, 17.2, 16.7,
        16.7, 17.2, 17.3, 17.2, 17.2, 17.9, 17.7, 17.7, 18.1, 18.1, 18.6, 18.7,
        18.6, 19.2, 19.3, 18.9, 19.3, 19.7, 19.3, 19.3, 18.9, 19.4, 19.8, 20.0,
        20.5, 20.1, 20.4, 20.9, 21.3, 21.3, 21.3, 21.3, 22.4, 21.9, 21.7, 22.0,
        21.8, 21.6, 22.4, 22.3, 21.4, 22.6, 22.7, 22.7, 23.2, 22.5, 22.8, 23.6,
        23.3, 23.6, 23.8, 24.2, 23.4, 24.1, 24.2, 24.2, 24.5, 24.3, 25.2, 25.3,
        25.3, 25.6, 25.3, 25.9, 25.7, 26.1, 26.0, 26.6, 25.8, 26.4, 26.7, 26.2,
        26.8, 26.6, 26.9, 27.2, 27.3, 27.1, 26.6, 27.4, 27.3, 27.4, 27.6, 27.3,
        27.4, 27.7, 28.0, 27.5, 28.1, 28.6, 28.5, 28.5, 28.5, 28.2, 28.4, 29.5,
        29.4, 29.4, 29.1, 29.3, 28.5, 28.9, 29.2, 29.3, 29.5, 29.7, 29.5, 30.2,
        30.7, 29.9, 30.2, 30.8, 30.3, 30.5, 29.6, 30.4, 30.8, 31.1, 30.3, 30.2,
        30.6, 31.0, 31.4, 30.9, 31.6, 32.1, 32.2, 32.5, 33.0, 33.0, 33.6, 33.7,
        33.1, 33.2, 33.8, 33.6, 33.9, 34.1, 34.4, 35.4, 35.6, 35.7, 35.6, 35.7,
        35.4, 36.2, 36.8, 37.5, 37.0, 36.8, 37.5, 37.1, 37.6, 37.6, 37.8, 38.1,
        37.4, 37.0, 37.8, 38.6, 39.1, 39.2, 40.0, 39.7, 39.1, 39.2, 39.4, 38.7,
        38.5, 38.5, 39.6, 39.6, 39.8, 39.8, 39.8, 39.8, 39.3, 40.3, 40.2, 40.6,
        40.6, 40.6, 40.2, 40.1, 40.6, 40.4, 41.3, 41.4, 41.2, 42.1, 42.4, 41.7,
        41.9, 41.4, 41.2, 41.5, 41.7, 41.4, 40.7, 41.2, 41.4, 41.0, 40.5, 41.0,
        41.2, 41.1, 40.1, 40.9, 40.6, 40.6, 40.3, 41.3, 41.2, 41.0, 40.6, 40.3,
        40.8, 40.9, 41.8, 41.2, 42.2, 42.2, 42.3, 41.8, 42.7, 42.2, 42.2, 41.7,
        42.4, 42.7, 42.9, 43.0, 43.1, 42.9, 42.8, 43.1, 41.8, 41.1, 40.6, 41.2,
        42.3, 43.0, 43.4, 43.4, 43.7, 43.9, 43.0, 44.7, 44.1, 42.7, 43.8, 44.6,
        45.0, 45.0, 45.3, 45.4, 45.3, 45.8, 45.3, 46.0, 45.6, 45.8, 46.2, 46.4,
        46.7, 46.4, 46.3, 47.7, 46.8, 45.4, 45.1, 45.1, 46.3, 45.8, 45.8, 46.5,
        46.8, 46.8, 47.3, 47.4, 47.3, 47.0, 46.7, 47.6, 47.8, 47.4, 48.5, 48.8,
        49.2, 49.3, 49.4, 48.8, 48.6, 48.6, 48.3, 49.1, 49.3, 49.7, 48.8, 49.4,
        48.7, 49.9, 49.0, 49.4, 50.6, 50.0, 49.1, 49.5, 49.3, 49.8, 50.2, 49.6,
        49.4, 49.5, 48.9, 48.6, 49.8, 50.0, 49.4, 49.5, 49.4, 49.7, 49.4, 49.5,
        47.9, 48.5, 48.4, 48.6, 48.9, 48.4, 47.8, 48.3, 48.7, 48.3, 48.2, 48.3,
        48.1, 49.1, 49.0, 48.8, 48.5, 48.3, 48.6, 48.5, 48.4, 48.1, 48.3, 47.9,
        47.4, 47.5, 48.5, 47.9, 47.9, 48.1, 48.0
      ],
      "loss": [
        10.267916679382324, 10.571537971496582, 11.118932723999023,
        11.550553321838379, 10.948552131652832, 11.068816184997559,
        10.967331886291504, 11.022245407104492, 10.635980606079102,
        10.763961791992188, 11.044882774353027, 11.070032119750977,
        10.973875999450684, 10.910079956054688, 11.022165298461914,
        11.12850570678711, 11.338699340820312, 10.931279182434082,
        10.9808931350708, 11.08038330078125, 11.05115032196045,
        11.131942749023438, 11.159075736999512, 11.256093978881836,
        11.172606468200684, 11.247459411621094, 11.134086608886719,
        11.2118558883667, 10.657341957092285, 10.724275588989258,
        10.75871467590332, 10.909005165100098, 10.90442943572998,
        10.95101547241211, 10.964643478393555, 11.130614280700684,
        11.180880546569824, 11.116841316223145, 11.11159610748291,
        11.036032676696777, 11.126558303833008, 10.976255416870117,
        11.025603294372559, 11.082123756408691, 11.071685791015625,
        11.131184577941895, 11.048954963684082, 11.069512367248535,
        11.179000854492188, 11.149313926696777, 11.145809173583984,
        11.09396743774414, 11.01616096496582, 11.059318542480469,
        11.118048667907715, 11.221138954162598, 10.73245906829834,
        10.117425918579102, 10.109853744506836, 10.143367767333984,
        10.158167839050293, 9.82501220703125, 9.872903823852539,
        9.83916187286377, 9.868407249450684, 9.803460121154785,
        9.594403266906738, 9.681394577026367, 9.698168754577637,
        9.762931823730469, 9.650483131408691, 9.718306541442871,
        9.830244064331055, 9.846306800842285, 9.775676727294922,
        9.87061595916748, 9.9063720703125, 9.85147476196289, 9.660076141357422,
        9.717253684997559, 9.742541313171387, 9.83847427368164, 9.8074312210083,
        9.844970703125, 9.852285385131836, 9.822075843811035, 9.848430633544922,
        9.895110130310059, 9.989089012145996, 9.998162269592285,
        10.039769172668457, 9.818062782287598, 9.749982833862305,
        9.745426177978516, 9.661893844604492, 9.64023208618164,
        9.743467330932617, 9.688237190246582, 9.737343788146973,
        9.767281532287598, 9.792348861694336, 9.842146873474121,
        9.862641334533691, 9.634401321411133, 9.631772994995117,
        9.62219524383545, 9.539460182189941, 9.560558319091797,
        9.522323608398438, 9.562602043151855, 9.626418113708496,
        9.603425979614258, 9.643045425415039, 9.619477272033691,
        9.678152084350586, 9.692573547363281, 9.690035820007324,
        9.683557510375977, 9.361083030700684, 9.386434555053711,
        9.42032527923584, 9.404206275939941, 9.458935737609863,
        9.482234001159668, 9.506416320800781, 9.539944648742676,
        9.584485054016113, 9.605058670043945, 9.588521957397461,
        9.629915237426758, 9.662410736083984, 9.609816551208496,
        9.58907413482666, 9.561849594116211, 9.326671600341797,
        9.368245124816895, 9.368607521057129, 9.376201629638672,
        9.337735176086426, 9.368902206420898, 9.369584083557129,
        9.403071403503418, 9.040153503417969, 8.985576629638672,
        8.97873306274414, 8.989419937133789, 8.980352401733398,
        8.962666511535645, 8.950606346130371, 8.913008689880371,
        8.977704048156738, 8.993548393249512, 9.005623817443848,
        9.021815299987793, 9.029661178588867, 9.085066795349121,
        9.094136238098145, 9.045238494873047, 8.981154441833496,
        9.041516304016113, 9.049762725830078, 8.957685470581055,
        8.969573974609375, 9.023212432861328, 9.029105186462402,
        9.055974006652832, 8.779328346252441, 8.7555570602417, 8.74520492553711,
        8.757696151733398, 8.390032768249512, 8.415008544921875,
        8.232937812805176, 8.221728324890137, 8.235038757324219,
        8.244465827941895, 8.234652519226074, 8.069036483764648,
        7.952183723449707, 7.966896057128906, 7.9899139404296875,
        7.678380489349365, 7.532618522644043, 7.520045280456543,
        7.506537437438965, 7.5484538078308105, 7.5486249923706055,
        7.601301193237305, 7.5793304443359375, 7.611396789550781,
        7.598608016967773, 7.562006950378418, 7.620102882385254,
        7.679572105407715, 7.587507724761963, 7.583338260650635,
        7.531818866729736, 7.5242600440979, 7.516362190246582,
        7.568511486053467, 7.2395453453063965, 7.176035404205322,
        7.189939498901367, 7.195798397064209, 7.210366725921631,
        7.175506591796875, 7.1629815101623535, 7.17684268951416,
        7.170790195465088, 7.1598286628723145, 7.198538303375244,
        7.235342502593994, 7.178323745727539, 7.1299920082092285,
        7.134240627288818, 7.179335117340088, 7.183791637420654,
        7.100147247314453, 7.109127998352051, 7.158252716064453,
        7.105013370513916, 7.093255519866943, 7.105595588684082,
        7.131732940673828, 7.120061874389648, 7.089059352874756,
        6.863857746124268, 6.856245517730713, 6.848847389221191,
        6.869182586669922, 6.89940071105957, 6.868390083312988,
        6.924280166625977, 6.937684535980225, 6.703085422515869,
        6.687882900238037, 6.473330020904541, 6.478757381439209,
        6.457934379577637, 6.440450668334961, 6.406665325164795,
        6.418868541717529, 6.426022052764893, 6.31091833114624,
        6.328645706176758, 6.360918045043945, 6.356729984283447,
        6.371622562408447, 6.370094299316406, 6.4070611000061035,
        6.410792827606201, 6.425140857696533, 6.428197383880615,
        6.405158519744873, 6.381482124328613, 6.3900370597839355,
        6.240659236907959, 6.275490760803223, 6.277803897857666,
        6.298162460327148, 6.2562336921691895, 6.271975517272949,
        6.272188663482666, 6.294103145599365, 6.281332969665527,
        6.2877116203308105, 6.282665729522705, 6.289356231689453,
        6.278161525726318, 6.313109874725342, 6.323975563049316,
        6.310314178466797, 6.199523448944092, 6.231556415557861,
        6.286451816558838, 6.254520893096924, 6.172270774841309,
        6.174807548522949, 6.119354248046875, 6.137820243835449,
        6.070167064666748, 5.9977898597717285, 6.048685550689697,
        5.8150410652160645, 5.857495307922363, 5.924564361572266,
        5.831709384918213, 5.819090843200684, 5.554740905761719,
        5.600297927856445, 5.5932159423828125, 5.585845470428467,
        5.580479145050049, 5.587225437164307, 5.614847660064697,
        5.571408271789551, 5.571352481842041, 5.565385341644287,
        5.345221519470215, 5.356617450714111, 5.357055187225342,
        5.377033233642578, 5.349932670593262, 5.307663917541504,
        5.2472662925720215, 5.292672634124756, 5.316928863525391,
        5.301772117614746, 5.270514965057373, 5.127403736114502,
        5.125306606292725, 5.108550071716309, 5.122880458831787,
        5.082195281982422, 5.074848175048828, 5.053514003753662,
        5.057875156402588, 5.0692901611328125, 5.071014881134033,
        5.030196189880371, 5.01094388961792, 5.023821830749512,
        4.920501708984375, 4.916579723358154, 4.892369747161865,
        4.896053314208984, 4.902063369750977, 4.904668807983398,
        4.92446231842041, 4.89321231842041, 4.886784553527832, 4.76680326461792,
        4.771745204925537, 4.752633094787598, 4.794450283050537,
        4.805572509765625, 4.828830718994141, 4.8107428550720215,
        4.823641300201416, 4.813004970550537, 4.499825954437256,
        4.536839485168457, 4.575870037078857, 4.56201171875, 4.56765604019165,
        4.550057888031006, 4.556820869445801, 4.574534893035889,
        4.593260288238525, 4.590862274169922, 4.586559772491455,
        4.623020648956299, 4.585800647735596, 4.575669288635254,
        4.585698127746582, 4.613440990447998, 4.601010799407959,
        4.584848403930664, 4.601759433746338, 4.613930702209473,
        4.692871570587158, 4.648539066314697, 4.640060901641846,
        4.6398210525512695, 4.657532691955566, 4.657186508178711,
        4.6664509773254395, 4.661311149597168, 4.662631034851074,
        4.655749797821045, 4.681434154510498, 4.679183006286621,
        4.680545806884766, 4.6648101806640625, 4.653885841369629,
        4.660979270935059, 4.656693935394287, 4.647243976593018,
        4.669681549072266, 4.690786838531494, 4.677839756011963,
        4.7090559005737305, 4.697868824005127, 4.720809459686279,
        4.783574104309082, 4.7742695808410645, 4.721488952636719,
        4.753218650817871, 4.780416965484619, 4.800596237182617,
        4.77726411819458
      ]
    }
  },
  {
    "RBS_10000_HL5": {
      "acc": [
        11.9, 11.5, 8.8, 8.1, 10.9, 10.5, 11.6, 11.5, 12.1, 11.9, 11.7, 12.0,
        12.9, 12.9, 12.4, 12.8, 12.4, 12.7, 13.9, 14.0, 14.1, 14.6, 15.0, 14.5,
        15.1, 15.1, 15.2, 15.4, 16.1, 16.1, 16.7, 16.8, 16.7, 16.8, 16.9, 16.9,
        16.9, 17.2, 17.0, 17.1, 17.2, 17.8, 17.1, 17.8, 17.6, 18.1, 18.2, 18.2,
        18.3, 18.5, 18.9, 19.0, 19.5, 19.3, 19.2, 19.0, 19.4, 19.3, 19.3, 19.3,
        19.5, 19.9, 20.0, 21.1, 21.1, 21.5, 21.2, 20.9, 21.6, 21.1, 21.7, 21.6,
        21.4, 21.5, 21.8, 21.7, 21.5, 22.5, 22.7, 22.2, 23.0, 22.7, 23.3, 23.4,
        23.8, 23.9, 23.7, 23.6, 23.2, 23.7, 23.9, 23.7, 24.1, 24.3, 25.3, 25.5,
        24.3, 25.5, 25.5, 25.3, 25.5, 25.2, 25.3, 25.9, 26.2, 26.4, 26.7, 26.7,
        26.8, 27.1, 27.3, 27.3, 27.6, 27.9, 27.4, 27.9, 28.4, 28.6, 27.8, 27.9,
        28.1, 27.9, 28.3, 28.5, 28.9, 28.7, 28.5, 29.3, 28.9, 28.5, 29.0, 29.8,
        30.3, 30.1, 30.2, 30.2, 30.1, 30.7, 30.9, 30.5, 30.1, 30.6, 30.9, 30.9,
        31.6, 31.6, 31.7, 31.6, 32.0, 32.5, 32.4, 31.9, 32.6, 32.2, 32.0, 31.8,
        32.9, 33.2, 33.6, 33.1, 33.7, 32.9, 33.0, 32.9, 34.5, 34.8, 34.7, 34.7,
        34.7, 34.9, 35.0, 35.1, 35.3, 35.4, 35.8, 36.0, 36.3, 36.4, 36.7, 36.9,
        36.5, 36.5, 37.5, 37.7, 38.0, 38.0, 38.3, 38.0, 38.3, 38.3, 38.1, 38.6,
        38.7, 38.2, 40.2, 40.2, 39.2, 39.1, 40.0, 40.3, 40.4, 40.0, 40.2, 39.3,
        39.2, 39.5, 40.0, 40.2, 40.4, 40.2, 39.7, 39.7, 39.7, 39.8, 40.2, 40.6,
        40.8, 40.9, 40.9, 40.7, 41.2, 41.4, 41.4, 41.0, 41.8, 42.7, 43.0, 43.0,
        42.7, 42.4, 42.2, 42.0, 41.1, 40.5, 41.0, 40.6, 41.4, 41.0, 41.8, 41.7,
        41.9, 41.7, 42.5, 41.8, 42.1, 41.1, 41.5, 41.5, 41.9, 41.8, 41.6, 42.2,
        42.3, 42.5, 42.7, 42.6, 43.4, 43.9, 43.6, 43.8, 44.0, 43.9, 44.0, 43.8,
        44.4, 44.5, 44.6, 45.0, 44.7, 44.0, 44.5, 44.7, 45.3, 45.1, 44.5, 45.3,
        45.5, 45.4, 45.6, 45.8, 45.2, 45.5, 44.7, 45.4, 45.4, 44.4, 44.9, 45.8,
        45.4, 44.9, 45.1, 45.0, 45.2, 46.2, 45.2, 46.0, 45.9, 46.3, 46.6, 46.8,
        46.8, 47.0, 47.0, 47.0, 48.1, 46.9, 47.8, 47.5, 48.2, 47.9, 48.0, 48.2,
        47.9, 48.8, 47.8, 48.2, 48.0, 47.9, 48.2, 48.7, 48.8, 48.5, 48.8, 49.0,
        49.6, 49.4, 48.6, 48.6, 48.0, 48.7, 48.7, 50.3, 50.4, 50.2, 49.8, 49.6,
        49.0, 48.8, 48.3, 48.9, 50.2, 50.2, 49.4, 50.0, 50.2, 49.9, 50.2, 49.8,
        49.5, 49.4, 49.1, 48.9, 50.2, 50.0, 50.0, 49.7, 50.0, 50.5, 50.5, 50.7,
        48.7, 50.0, 49.6, 49.5, 49.4, 49.6, 49.1, 49.4, 49.9, 49.8, 49.8, 49.1,
        48.2, 49.1, 49.0, 49.5, 49.0, 49.6, 50.0, 49.6, 50.2, 49.7, 50.2, 50.0,
        49.0, 49.5, 49.9, 50.1, 49.8, 49.6, 49.2
      ],
      "loss": [
        10.101395606994629, 10.353939056396484, 10.892719268798828,
        11.193533897399902, 10.762015342712402, 10.990067481994629,
        10.767840385437012, 10.94577693939209, 10.571067810058594,
        10.860123634338379, 10.975356101989746, 11.015217781066895,
        11.0224027633667, 10.931356430053711, 11.147075653076172,
        11.210029602050781, 11.379379272460938, 10.976597785949707,
        10.813776016235352, 10.915724754333496, 10.87663745880127,
        10.980438232421875, 10.929553985595703, 11.204561233520508,
        11.177946090698242, 11.160801887512207, 11.032867431640625,
        11.100664138793945, 10.77552318572998, 10.89829158782959,
        10.903555870056152, 10.951619148254395, 11.030522346496582,
        11.088766098022461, 11.144410133361816, 11.314380645751953,
        11.351739883422852, 11.232478141784668, 11.290432929992676,
        10.461249351501465, 10.575031280517578, 10.366539001464844,
        10.43692398071289, 10.317000389099121, 10.403783798217773,
        10.42052936553955, 10.377168655395508, 10.433666229248047,
        10.4371919631958, 10.485780715942383, 10.493975639343262,
        10.423864364624023, 10.437341690063477, 10.495648384094238,
        10.554098129272461, 10.654648780822754, 10.017183303833008,
        9.528426170349121, 9.560420989990234, 9.595027923583984,
        9.634897232055664, 9.549065589904785, 9.640982627868652,
        9.572396278381348, 9.589556694030762, 9.504011154174805,
        9.350889205932617, 9.451486587524414, 9.310802459716797,
        9.37661075592041, 9.291278839111328, 9.299443244934082,
        9.420022964477539, 9.47197151184082, 9.46395492553711,
        9.579558372497559, 9.562804222106934, 9.538604736328125,
        9.197175025939941, 9.26196002960205, 9.273503303527832,
        9.358826637268066, 9.354033470153809, 9.43498706817627,
        9.431451797485352, 9.407479286193848, 9.449047088623047,
        9.442736625671387, 9.560985565185547, 9.637592315673828,
        9.693273544311523, 9.332551002502441, 9.384076118469238,
        9.421098709106445, 9.362541198730469, 9.381067276000977,
        9.47692584991455, 9.441853523254395, 9.434036254882812,
        9.530095100402832, 9.550307273864746, 9.632855415344238,
        9.676847457885742, 9.305374145507812, 9.3369140625, 9.353804588317871,
        9.28854751586914, 9.3163480758667, 9.350611686706543, 9.314059257507324,
        9.397977828979492, 9.332030296325684, 9.362849235534668,
        9.380468368530273, 9.455666542053223, 9.391566276550293,
        9.365034103393555, 9.421372413635254, 9.305025100708008,
        9.323314666748047, 9.34338092803955, 9.381322860717773,
        9.412415504455566, 9.466264724731445, 9.472908973693848,
        9.40422248840332, 9.465049743652344, 9.396187782287598,
        9.463799476623535, 9.52469253540039, 9.552197456359863,
        9.426453590393066, 9.373119354248047, 9.412867546081543,
        9.221769332885742, 9.216706275939941, 9.273076057434082,
        9.290718078613281, 9.2658109664917, 9.315032005310059,
        9.359125137329102, 9.296171188354492, 9.15274429321289,
        9.07567024230957, 9.007797241210938, 8.991570472717285, 9.0018892288208,
        9.03309154510498, 9.061173439025879, 9.0107421875, 9.022915840148926,
        9.078052520751953, 9.05013656616211, 9.103428840637207,
        9.152929306030273, 9.157373428344727, 9.180386543273926,
        9.127254486083984, 9.075935363769531, 9.095394134521484,
        9.086283683776855, 8.885965347290039, 8.894147872924805,
        8.915714263916016, 8.89898681640625, 8.93978214263916,
        8.713943481445312, 8.7382230758667, 8.73316478729248, 8.727524757385254,
        8.456930160522461, 8.477663040161133, 8.1366548538208,
        8.159228324890137, 8.172143936157227, 8.183591842651367,
        8.2002534866333, 8.056870460510254, 7.910140514373779,
        7.952802658081055, 7.981489181518555, 7.945505142211914,
        7.922266006469727, 7.887707710266113, 7.869009494781494,
        7.8881611824035645, 7.89943790435791, 7.9209370613098145,
        7.913206100463867, 7.934213161468506, 7.94325590133667,
        7.943854331970215, 7.9635725021362305, 8.00087833404541,
        7.869511604309082, 7.888537406921387, 7.921856880187988,
        7.920395851135254, 7.879663467407227, 7.893661022186279,
        7.744808673858643, 7.633665084838867, 7.620718479156494,
        7.626060485839844, 7.6411662101745605, 7.612512588500977,
        7.595012664794922, 7.6144118309021, 7.5867719650268555,
        7.624786376953125, 7.635575771331787, 7.61799955368042,
        7.614504814147949, 7.5288896560668945, 7.566398620605469,
        7.598742485046387, 7.5976457595825195, 7.461064338684082,
        7.4876298904418945, 7.547066688537598, 7.497790813446045,
        7.469797134399414, 7.49856424331665, 7.527591228485107,
        7.4951558113098145, 7.44402551651001, 7.1807861328125,
        7.147209644317627, 7.151279449462891, 7.192149639129639,
        7.231977462768555, 7.256058216094971, 7.296440124511719,
        7.339200019836426, 7.122221946716309, 7.136693000793457,
        6.934136867523193, 6.954672336578369, 6.899030685424805,
        6.885446548461914, 6.896466255187988, 6.921662330627441,
        6.885970592498779, 6.7859368324279785, 6.790560245513916,
        6.8347649574279785, 6.834498405456543, 6.846096038818359,
        6.863131523132324, 6.884975433349609, 6.905548095703125,
        6.867422103881836, 6.851046085357666, 6.85993766784668,
        6.855873107910156, 6.873882293701172, 6.676483631134033,
        6.676126003265381, 6.669720649719238, 6.681978225708008,
        6.636187553405762, 6.648571968078613, 6.649447441101074,
        6.685551166534424, 6.664705276489258, 6.66547155380249,
        6.6713032722473145, 6.664305210113525, 6.680466651916504,
        6.706183910369873, 6.712818145751953, 6.688818454742432,
        6.48753547668457, 6.470753192901611, 6.563404560089111,
        6.5266218185424805, 6.473381042480469, 6.4810051918029785,
        6.470290660858154, 6.480591773986816, 6.5041704177856445,
        6.211085319519043, 6.266195297241211, 6.02166223526001,
        6.01412296295166, 6.0712199211120605, 6.005965709686279,
        5.997827053070068, 5.824251174926758, 5.862120628356934,
        5.829653263092041, 5.833306312561035, 5.834594249725342,
        5.793213367462158, 5.8288254737854, 5.805639743804932,
        5.786858558654785, 5.774040222167969, 5.441046237945557,
        5.43962287902832, 5.438715934753418, 5.440267562866211,
        5.446502685546875, 5.429776668548584, 5.189231872558594,
        5.2388739585876465, 5.237552165985107, 5.23745059967041,
        5.209248065948486, 5.118963241577148, 5.1115031242370605,
        5.09106969833374, 5.092513561248779, 5.081249237060547,
        5.093605041503906, 5.074646472930908, 5.077694416046143,
        5.095348358154297, 5.106335163116455, 5.080152988433838,
        5.05070161819458, 5.0710039138793945, 4.907876968383789,
        4.917214393615723, 4.883947372436523, 4.8971028327941895,
        4.906991004943848, 4.9173102378845215, 4.9387288093566895,
        4.915638446807861, 4.8776116371154785, 4.6153717041015625,
        4.6226301193237305, 4.615411758422852, 4.659616947174072,
        4.6918625831604, 4.702835559844971, 4.709321022033691,
        4.720260143280029, 4.708268165588379, 4.477200508117676,
        4.476886749267578, 4.498062610626221, 4.488775730133057,
        4.483257293701172, 4.479347229003906, 4.454745769500732,
        4.483925819396973, 4.500097274780273, 4.505705833435059,
        4.50705099105835, 4.503978252410889, 4.448632717132568,
        4.457309246063232, 4.462841987609863, 4.473235130310059,
        4.459941387176514, 4.441147327423096, 4.442991733551025,
        4.452862739562988, 4.5229644775390625, 4.472243785858154,
        4.490823745727539, 4.5210089683532715, 4.515275001525879,
        4.505987167358398, 4.539008140563965, 4.52590799331665,
        4.530138969421387, 4.5197672843933105, 4.530537128448486,
        4.543635368347168, 4.5508952140808105, 4.5157575607299805,
        4.530481338500977, 4.520076274871826, 4.519309997558594,
        4.5033369064331055, 4.5111894607543945, 4.525726795196533,
        4.502431869506836, 4.522493362426758, 4.511542320251465,
        4.531213760375977, 4.582281589508057, 4.577147960662842,
        4.551931858062744, 4.5509209632873535, 4.574108600616455,
        4.595365524291992, 4.585655689239502
      ]
    }
  },
  {
    "RBS_10000_HL6": {
      "acc": [
        10.5, 11.1, 9.8, 8.8, 10.3, 9.5, 10.4, 10.9, 11.2, 11.2, 10.7, 11.0,
        11.2, 11.2, 11.1, 11.5, 11.5, 12.7, 12.9, 12.9, 13.8, 13.9, 14.4, 14.4,
        14.2, 14.8, 14.8, 15.0, 15.1, 15.4, 15.9, 15.9, 16.2, 16.2, 16.5, 16.4,
        16.3, 16.8, 16.7, 16.7, 16.5, 17.2, 17.3, 17.0, 17.3, 18.0, 17.7, 18.2,
        17.9, 17.9, 18.7, 18.5, 19.3, 19.3, 19.5, 19.2, 18.9, 18.6, 18.3, 18.8,
        19.3, 19.7, 20.1, 20.8, 20.8, 20.7, 20.3, 20.3, 21.0, 20.5, 20.5, 20.7,
        20.9, 20.8, 21.1, 21.5, 21.1, 22.5, 21.8, 21.7, 22.3, 21.8, 22.1, 22.6,
        23.0, 23.0, 23.1, 23.3, 22.8, 23.0, 23.0, 22.9, 23.3, 23.6, 24.1, 24.7,
        24.0, 24.5, 24.6, 24.6, 24.9, 24.5, 24.4, 24.7, 24.9, 25.3, 25.9, 25.6,
        25.6, 25.6, 25.6, 26.1, 26.5, 26.6, 26.1, 26.4, 26.5, 26.9, 26.9, 27.1,
        27.3, 26.8, 27.3, 27.3, 27.7, 28.4, 28.0, 28.1, 28.3, 28.3, 28.9, 29.9,
        29.7, 29.8, 30.0, 29.3, 29.4, 29.4, 30.0, 30.0, 30.0, 29.9, 30.5, 30.7,
        30.9, 31.3, 31.4, 31.6, 31.3, 31.7, 32.0, 31.7, 32.2, 32.1, 32.5, 32.4,
        32.7, 32.7, 33.2, 33.3, 33.1, 32.6, 33.0, 33.6, 34.0, 34.2, 34.2, 34.1,
        33.6, 34.1, 34.7, 34.1, 34.2, 34.7, 34.4, 35.0, 35.0, 34.6, 35.0, 34.8,
        35.0, 35.1, 35.4, 35.7, 36.3, 36.5, 36.4, 36.8, 37.0, 36.4, 37.0, 37.5,
        37.8, 37.8, 38.2, 38.4, 37.7, 38.0, 38.4, 38.9, 38.6, 39.0, 39.5, 38.7,
        38.3, 38.6, 39.3, 39.0, 39.6, 39.1, 39.3, 39.9, 39.0, 40.3, 39.9, 40.6,
        41.0, 40.3, 40.2, 40.2, 40.2, 40.8, 40.9, 41.0, 41.5, 41.5, 41.5, 41.1,
        41.1, 40.6, 40.6, 40.7, 41.1, 40.3, 42.1, 41.3, 41.6, 41.5, 41.8, 41.3,
        41.6, 41.2, 41.3, 41.5, 40.7, 40.8, 41.4, 41.8, 41.3, 41.0, 40.5, 41.1,
        41.8, 41.7, 42.6, 42.8, 42.9, 43.3, 43.1, 42.4, 43.0, 42.8, 42.6, 43.3,
        43.6, 43.6, 44.2, 43.6, 43.9, 43.9, 43.0, 43.7, 44.4, 43.6, 42.9, 43.2,
        44.1, 43.2, 43.5, 43.2, 43.4, 44.5, 43.9, 45.1, 44.5, 42.9, 43.4, 43.8,
        44.7, 44.0, 44.8, 45.1, 45.4, 45.6, 45.0, 45.8, 46.2, 46.3, 47.0, 46.8,
        46.4, 46.2, 46.5, 46.5, 48.0, 47.1, 47.1, 47.9, 47.5, 47.1, 48.3, 48.4,
        48.2, 48.0, 48.1, 48.2, 48.2, 48.1, 48.4, 48.0, 48.4, 48.2, 48.4, 48.6,
        49.4, 48.6, 49.4, 49.2, 49.0, 49.6, 49.8, 48.7, 49.5, 50.0, 49.6, 49.8,
        49.4, 49.1, 48.6, 49.4, 50.3, 50.0, 50.1, 51.0, 51.1, 50.7, 50.9, 50.6,
        50.8, 51.4, 51.3, 51.0, 51.5, 51.7, 52.3, 51.5, 51.2, 51.1, 50.9, 51.4,
        49.4, 50.1, 49.7, 49.0, 49.8, 49.5, 48.4, 49.0, 49.2, 49.7, 49.8, 49.3,
        48.8, 49.2, 49.6, 49.0, 49.0, 49.5, 49.4, 49.4, 49.7, 49.5, 49.1, 48.6,
        48.6, 48.6, 49.4, 48.8, 48.7, 48.3, 48.1
      ],
      "loss": [
        10.275815963745117, 10.40836238861084, 10.96247673034668,
        11.342889785766602, 11.185832023620605, 11.426587104797363,
        11.213781356811523, 11.168697357177734, 11.174182891845703,
        11.272974967956543, 11.489605903625488, 11.59670352935791,
        11.463085174560547, 11.507989883422852, 11.600534439086914,
        11.648136138916016, 11.862455368041992, 11.05163288116455,
        11.103785514831543, 11.219022750854492, 11.033411026000977,
        11.13870620727539, 11.184728622436523, 11.31690788269043,
        11.388154029846191, 11.210068702697754, 11.193419456481934,
        11.245237350463867, 10.803351402282715, 10.762504577636719,
        10.798738479614258, 10.92905044555664, 10.964259147644043,
        11.038179397583008, 11.14725399017334, 11.27133560180664,
        11.321285247802734, 11.266093254089355, 11.343877792358398,
        11.102733612060547, 11.176777839660645, 11.061716079711914,
        11.035656929016113, 11.098346710205078, 11.196357727050781,
        11.146332740783691, 11.195466041564941, 11.171358108520508,
        11.269109725952148, 11.347134590148926, 11.31752872467041,
        11.248672485351562, 11.227842330932617, 11.286980628967285,
        11.310561180114746, 11.37749195098877, 10.593518257141113,
        10.117459297180176, 10.144562721252441, 10.149508476257324,
        10.11121654510498, 9.595712661743164, 9.658156394958496,
        9.61332893371582, 9.630805969238281, 9.53337287902832,
        9.242119789123535, 9.312422752380371, 9.346074104309082,
        9.476539611816406, 9.30599308013916, 9.360700607299805,
        9.437592506408691, 9.490099906921387, 9.545877456665039,
        9.619540214538574, 9.58879280090332, 9.475279808044434,
        9.36888599395752, 9.464856147766113, 9.478890419006348,
        9.573569297790527, 9.528116226196289, 9.56443977355957,
        9.491692543029785, 9.522623062133789, 9.593047142028809,
        9.647810935974121, 9.67255973815918, 9.71334171295166,
        9.746696472167969, 9.35735034942627, 9.302555084228516,
        9.372100830078125, 9.309844970703125, 9.177652359008789,
        9.232709884643555, 9.19653034210205, 9.195060729980469,
        9.262513160705566, 9.296941757202148, 9.357470512390137,
        9.422928810119629, 9.38060474395752, 9.383225440979004, 9.3311128616333,
        9.272884368896484, 9.300025939941406, 9.330291748046875,
        9.310341835021973, 9.399247169494629, 9.297821044921875,
        9.34506607055664, 9.357416152954102, 9.367082595825195,
        9.38341999053955, 9.357872009277344, 9.349117279052734,
        9.157862663269043, 9.121698379516602, 9.151266098022461,
        9.194177627563477, 9.222540855407715, 9.25003719329834,
        9.25396728515625, 9.26117992401123, 9.303266525268555,
        9.290736198425293, 9.340441703796387, 9.402989387512207,
        9.403340339660645, 9.422258377075195, 9.36266040802002,
        9.372265815734863, 9.107473373413086, 9.159235000610352,
        9.169421195983887, 9.213582992553711, 9.184416770935059,
        9.225038528442383, 9.24483585357666, 9.254199028015137,
        9.044858932495117, 9.04520034790039, 9.084135055541992,
        9.001142501831055, 9.009674072265625, 9.034064292907715,
        9.107312202453613, 9.024914741516113, 9.028846740722656,
        9.076970100402832, 9.104174613952637, 9.130193710327148,
        9.117697715759277, 9.116622924804688, 9.145491600036621,
        9.13213062286377, 9.08125114440918, 9.086457252502441, 9.1305513381958,
        8.820697784423828, 8.828981399536133, 8.851398468017578,
        8.897825241088867, 8.935938835144043, 8.715140342712402,
        8.729361534118652, 8.747838020324707, 8.745641708374023,
        8.176438331604004, 8.173130989074707, 8.071582794189453,
        8.071481704711914, 8.079185485839844, 8.070171356201172,
        8.09457015991211, 8.014957427978516, 7.660080909729004,
        7.6457061767578125, 7.6664323806762695, 7.592178821563721,
        7.550510406494141, 7.560197830200195, 7.550377368927002,
        7.547311782836914, 7.576921463012695, 7.6060872077941895,
        7.598870277404785, 7.637989044189453, 7.65076208114624,
        7.669875621795654, 7.658792972564697, 7.691126823425293,
        7.645145893096924, 7.6566667556762695, 7.680419445037842,
        7.697340965270996, 7.673186302185059, 7.674835681915283,
        7.496826648712158, 7.236652374267578, 7.2314276695251465,
        7.23143196105957, 7.250296115875244, 7.228548526763916,
        7.246245861053467, 7.273862838745117, 7.260531902313232,
        7.281593322753906, 7.275334358215332, 7.276760578155518,
        7.320431709289551, 7.285521030426025, 7.308684825897217,
        7.2882304191589355, 7.282943248748779, 7.005656719207764,
        7.048677444458008, 7.10545015335083, 7.07938814163208,
        7.002318382263184, 7.0179643630981445, 7.0605621337890625,
        7.011070728302002, 7.003350734710693, 6.819661617279053,
        6.794454097747803, 6.770737171173096, 6.7879157066345215,
        6.815356731414795, 6.823798656463623, 6.7908406257629395,
        6.847373008728027, 6.716444492340088, 6.744239807128906,
        6.65330696105957, 6.643712043762207, 6.617822170257568,
        6.641062259674072, 6.634634971618652, 6.665156841278076,
        6.624701499938965, 6.507344722747803, 6.51669979095459,
        6.501694202423096, 6.483621597290039, 6.508001804351807,
        6.542825698852539, 6.5415143966674805, 6.584104537963867,
        6.552525043487549, 6.5432209968566895, 6.511094093322754,
        6.462566375732422, 6.458335876464844, 6.297328948974609,
        6.307983875274658, 6.320156574249268, 6.317198276519775,
        6.285224914550781, 6.2860260009765625, 6.283651351928711,
        6.299427032470703, 6.30354642868042, 6.2686238288879395,
        6.255007266998291, 6.287842273712158, 6.275261878967285,
        6.323606967926025, 6.351816654205322, 6.3275322914123535,
        6.0376057624816895, 6.034043312072754, 6.158985614776611,
        6.101449489593506, 6.039842128753662, 6.0906572341918945,
        6.0643415451049805, 6.110384941101074, 6.082237243652344,
        5.799045562744141, 5.7884297370910645, 5.501340866088867,
        5.508070468902588, 5.608314514160156, 5.5363593101501465,
        5.506503105163574, 5.397282600402832, 5.438721179962158,
        5.396336078643799, 5.387784957885742, 5.3715643882751465,
        5.35673713684082, 5.428572177886963, 5.406899929046631,
        5.384345531463623, 5.384619235992432, 5.281222820281982,
        5.281590461730957, 5.284484386444092, 5.289384841918945,
        5.2803120613098145, 5.259811878204346, 4.933204174041748,
        4.968937873840332, 5.006642818450928, 4.974120616912842,
        4.965610504150391, 4.909050941467285, 4.8775634765625,
        4.892622947692871, 4.884610176086426, 4.8880109786987305,
        4.89164400100708, 4.884210586547852, 4.896209239959717,
        4.913463592529297, 4.922428607940674, 4.928732395172119,
        4.903402328491211, 4.909297943115234, 4.755924701690674,
        4.7574920654296875, 4.716339588165283, 4.729572772979736,
        4.711302280426025, 4.704464435577393, 4.72886323928833,
        4.702947616577148, 4.675404071807861, 4.629980087280273,
        4.610373497009277, 4.6009440422058105, 4.622262477874756,
        4.626257419586182, 4.648491859436035, 4.664906024932861,
        4.68496036529541, 4.668485641479492, 4.5015459060668945,
        4.5091776847839355, 4.512563705444336, 4.4756364822387695,
        4.47813606262207, 4.477811813354492, 4.4691548347473145,
        4.504669666290283, 4.501325607299805, 4.4748759269714355,
        4.475337505340576, 4.48745584487915, 4.464635848999023,
        4.459012031555176, 4.456902503967285, 4.467355251312256,
        4.481679439544678, 4.472290992736816, 4.492922306060791,
        4.481619834899902, 4.550176620483398, 4.5348310470581055,
        4.547954082489014, 4.577856063842773, 4.546292304992676,
        4.543381214141846, 4.590945720672607, 4.580987930297852,
        4.5691938400268555, 4.556590557098389, 4.544487953186035,
        4.549087047576904, 4.541250228881836, 4.537229061126709,
        4.519656181335449, 4.53863525390625, 4.524195671081543,
        4.529613018035889, 4.527243614196777, 4.539942264556885,
        4.534857273101807, 4.532331943511963, 4.535772800445557,
        4.558903694152832, 4.590791702270508, 4.608932971954346,
        4.526057243347168, 4.555426597595215, 4.5539631843566895,
        4.578300476074219, 4.568376064300537
      ]
    }
  }
]