[
  {
    "RBS_3100": {
      "acc": [
        12.7, 12.1, 11.3, 10.5, 12.4, 12.5, 11.7, 11.3, 12.0, 12.1, 11.9, 12.2,
        12.0, 12.5, 12.2, 12.4, 12.4, 14.0, 14.2, 14.2, 14.4, 15.1, 15.0, 14.6,
        14.6, 14.4, 14.5, 15.4, 15.7, 15.6, 15.6, 15.8, 16.0, 16.3, 16.0, 15.8,
        15.7, 16.2, 16.0, 16.4, 16.4, 17.0, 16.8, 17.0, 16.5, 16.5, 16.2, 17.3,
        17.3, 16.6, 17.6, 17.1, 18.3, 18.5, 18.3, 17.7, 18.9, 18.5, 18.3, 18.4,
        18.8, 19.0, 18.9, 20.0, 19.5, 19.3, 19.5, 19.8, 20.4, 19.2, 19.2, 19.4,
        19.4, 19.5, 19.8, 20.1, 19.3, 20.5, 21.3, 20.6, 21.3, 20.5, 21.1, 21.4,
        21.6, 22.4, 22.5, 22.3, 21.9, 22.1, 22.1, 22.8, 22.8, 21.9, 22.9, 23.7,
        22.5, 23.5, 23.8, 24.6, 24.5, 24.3, 24.5, 25.1, 24.9, 24.9, 25.5, 24.8,
        25.9, 25.9, 26.0, 26.4, 26.4, 26.5, 26.2, 26.8, 26.9, 26.9, 25.4, 26.0,
        26.2, 25.8, 26.5, 26.8, 26.8, 27.1, 27.1, 27.3, 26.8, 26.4, 26.9, 27.6,
        27.7, 27.7, 26.9, 28.0, 28.1, 28.2, 28.5, 28.1, 28.3, 28.8, 29.3, 28.9,
        28.9, 28.5, 28.5, 29.7, 28.8, 29.3, 29.5, 29.5, 30.0, 29.5, 29.0, 29.7,
        30.2, 30.0, 30.4, 30.1, 30.4, 30.6, 30.8, 30.5, 30.9, 30.9, 31.3, 31.3,
        30.9, 30.9, 32.4, 32.1, 32.4, 32.6, 32.8, 33.0, 33.1, 32.5, 32.8, 32.9,
        32.8, 32.7, 33.7, 33.7, 33.2, 33.3, 34.1, 34.2, 34.2, 34.4, 34.8, 34.4,
        34.9, 34.2, 35.0, 35.3, 35.3, 35.0, 35.7, 35.1, 34.8, 34.1, 34.4, 34.1,
        34.0, 34.8, 35.0, 35.1, 35.5, 35.1, 34.5, 35.4, 34.9, 35.9, 35.6, 36.1,
        35.9, 36.1, 35.6, 36.1, 36.0, 36.6, 36.5, 36.3, 37.4, 37.7, 38.3, 38.1,
        37.9, 36.4, 36.3, 36.6, 36.1, 36.2, 36.0, 36.1, 35.2, 36.0, 36.1, 37.2,
        37.3, 36.7, 35.8, 36.0, 36.5, 36.5, 36.9, 36.9, 36.7, 35.9, 36.1, 36.2,
        37.2, 36.6, 37.7, 37.6, 37.3, 38.0, 37.7, 37.8, 38.3, 38.2, 38.1, 37.5,
        37.9, 38.5, 38.6, 38.4, 38.6, 38.2, 38.3, 39.2, 38.9, 38.9, 38.9, 39.3,
        39.3, 39.1, 39.1, 39.3, 39.1, 39.1, 38.2, 38.2, 37.7, 36.5, 38.0, 38.0,
        38.2, 38.3, 39.3, 39.4, 38.8, 39.6, 39.2, 39.9, 40.4, 39.0, 40.5, 40.7,
        40.9, 40.5, 41.1, 40.2, 41.5, 41.7, 42.5, 41.7, 42.2, 42.4, 42.7, 41.6,
        42.3, 42.0, 41.6, 41.8, 42.0, 42.6, 42.3, 42.0, 42.4, 41.8, 42.6, 42.3,
        42.2, 42.2, 41.9, 41.4, 40.8, 41.4, 41.6, 42.3, 42.8, 42.7, 42.5, 42.8,
        41.8, 42.3, 42.2, 42.1, 42.8, 43.7, 43.4, 43.4, 42.5, 42.8, 43.7, 43.9,
        43.6, 43.2, 43.0, 43.0, 44.3, 44.4, 43.8, 43.7, 44.3, 43.8, 43.8, 43.8,
        43.2, 43.4, 43.2, 42.9, 43.1, 42.8, 42.6, 42.4, 42.5, 42.8, 42.8, 42.8,
        42.1, 42.4, 41.8, 41.8, 41.8, 42.0, 41.9, 41.8, 41.5, 40.6, 40.8, 41.0,
        41.4, 41.0, 41.2, 41.0, 41.3, 41.0, 41.1
      ],
      "loss": [
        10.25853443145752, 10.377050399780273, 10.531719207763672,
        10.76866340637207, 10.463177680969238, 10.494507789611816,
        10.637850761413574, 10.748221397399902, 10.699395179748535,
        10.772690773010254, 10.852459907531738, 10.801213264465332,
        10.903642654418945, 10.921156883239746, 11.025557518005371,
        11.051284790039062, 11.038557052612305, 10.392417907714844,
        10.349478721618652, 10.376802444458008, 10.421050071716309,
        10.419751167297363, 10.459843635559082, 10.554743766784668,
        10.615368843078613, 10.677241325378418, 10.666766166687012,
        10.61119556427002, 9.921652793884277, 9.97836971282959,
        10.04548168182373, 10.055322647094727, 10.156556129455566,
        10.139015197753906, 10.231194496154785, 10.40323257446289,
        10.546303749084473, 10.534987449645996, 10.65029239654541,
        10.240434646606445, 10.292280197143555, 10.118814468383789,
        10.142855644226074, 10.154980659484863, 10.240564346313477,
        10.234662055969238, 10.235513687133789, 10.186419486999512,
        10.193902015686035, 10.309981346130371, 10.317018508911133,
        10.38117504119873, 10.31049633026123, 10.331947326660156,
        10.36666202545166, 10.433906555175781, 10.278738975524902,
        9.396889686584473, 9.423530578613281, 9.46683120727539, 9.4885835647583,
        9.436110496520996, 9.48652172088623, 9.499377250671387,
        9.583982467651367, 9.586085319519043, 9.225921630859375,
        9.255032539367676, 9.197562217712402, 9.354877471923828,
        9.177197456359863, 9.167293548583984, 9.231064796447754,
        9.2676420211792, 9.256041526794434, 9.352555274963379,
        9.485363006591797, 9.366488456726074, 9.155099868774414,
        9.256098747253418, 9.344822883605957, 9.40149211883545,
        9.418006896972656, 9.403526306152344, 9.38758659362793,
        9.370787620544434, 9.413642883300781, 9.395760536193848,
        9.4221830368042, 9.456850051879883, 9.494447708129883,
        9.301578521728516, 9.322542190551758, 9.438126564025879,
        9.391891479492188, 9.311531066894531, 9.416443824768066,
        9.393017768859863, 9.422922134399414, 9.414145469665527,
        9.476494789123535, 9.490531921386719, 9.529529571533203,
        9.156168937683105, 9.178632736206055, 9.198853492736816,
        9.212772369384766, 9.22213077545166, 9.201038360595703,
        9.223613739013672, 9.284876823425293, 9.178415298461914,
        9.201759338378906, 9.226618766784668, 9.2646484375, 9.228318214416504,
        9.24826431274414, 9.275910377502441, 9.1260347366333, 9.149596214294434,
        9.17884635925293, 9.193259239196777, 9.165068626403809,
        9.161794662475586, 9.163108825683594, 9.126469612121582,
        9.149245262145996, 9.15262508392334, 9.202378273010254,
        9.241304397583008, 9.22935676574707, 9.159184455871582,
        9.196146011352539, 9.217571258544922, 9.1036376953125,
        9.053814888000488, 9.06094741821289, 9.081804275512695,
        9.079050064086914, 9.106677055358887, 9.14296817779541,
        9.113677978515625, 8.985186576843262, 8.993568420410156,
        8.955126762390137, 8.95458698272705, 8.949274063110352,
        8.949296951293945, 9.06580638885498, 9.009956359863281,
        9.022101402282715, 9.031108856201172, 9.00456714630127,
        9.04646110534668, 9.055438041687012, 9.091422080993652,
        9.087420463562012, 9.048224449157715, 9.044290542602539,
        9.05899715423584, 9.05527114868164, 8.791433334350586,
        8.814068794250488, 8.839042663574219, 8.845169067382812,
        8.862378120422363, 8.487754821777344, 8.477498054504395,
        8.478497505187988, 8.497687339782715, 8.047833442687988,
        8.130041122436523, 7.923783779144287, 7.964102268218994,
        7.93043851852417, 7.969450950622559, 7.9993062019348145,
        7.8248372077941895, 7.589241981506348, 7.602808475494385,
        7.591224670410156, 7.63682746887207, 7.570589542388916,
        7.566621780395508, 7.572355270385742, 7.627183437347412,
        7.588048458099365, 7.607972621917725, 7.602099895477295,
        7.582324028015137, 7.5918288230896, 7.643287658691406,
        7.646490573883057, 7.667605876922607, 7.582108497619629,
        7.578970909118652, 7.649043560028076, 7.683730125427246,
        7.634980201721191, 7.674744129180908, 7.590198993682861,
        7.534663677215576, 7.533050060272217, 7.541162490844727,
        7.547176361083984, 7.537187576293945, 7.507149696350098,
        7.506803512573242, 7.503637790679932, 7.538643836975098,
        7.5802788734436035, 7.538221836090088, 7.55573034286499,
        7.511539936065674, 7.542803764343262, 7.517915725708008,
        7.514326572418213, 7.377932071685791, 7.3953423500061035,
        7.433513164520264, 7.423427581787109, 7.395082473754883,
        7.379604339599609, 7.411612510681152, 7.386598110198975,
        7.361105918884277, 7.109701156616211, 7.100039482116699,
        7.092380046844482, 7.182531356811523, 7.191403865814209,
        7.172988414764404, 7.214401721954346, 7.215602874755859,
        7.02456521987915, 7.029338359832764, 6.923706531524658,
        6.900816440582275, 6.849771022796631, 6.859183311462402,
        6.851196765899658, 6.860616683959961, 6.871851921081543,
        6.7488298416137695, 6.745118618011475, 6.776367664337158,
        6.770449638366699, 6.799132347106934, 6.793675899505615,
        6.860940456390381, 6.848212242126465, 6.816915512084961,
        6.816486358642578, 6.816351890563965, 6.792389869689941,
        6.818435192108154, 6.706594944000244, 6.689431190490723,
        6.669266700744629, 6.672863006591797, 6.620474815368652,
        6.649215221405029, 6.632986068725586, 6.658000469207764,
        6.631228446960449, 6.620075702667236, 6.617877960205078,
        6.63304328918457, 6.636059761047363, 6.686750888824463,
        6.67215633392334, 6.635467529296875, 6.358526706695557,
        6.327989101409912, 6.431450366973877, 6.388256549835205,
        6.364822864532471, 6.37446403503418, 6.387330532073975,
        6.389854907989502, 6.426441192626953, 6.277722358703613,
        6.331618309020996, 6.238659858703613, 6.214892387390137,
        6.298359394073486, 6.246753692626953, 6.223580837249756,
        6.093041896820068, 6.131872177124023, 6.07843542098999,
        6.079167366027832, 6.095274448394775, 6.060669422149658,
        6.1153950691223145, 6.084210395812988, 6.07277250289917,
        6.1031270027160645, 5.959994792938232, 5.958544731140137,
        5.9905476570129395, 5.992430210113525, 5.982665061950684,
        5.997779369354248, 5.690521240234375, 5.732023239135742,
        5.71351957321167, 5.73048734664917, 5.69569730758667, 5.627466678619385,
        5.600015163421631, 5.638926982879639, 5.6182122230529785,
        5.610398769378662, 5.634014129638672, 5.646691799163818,
        5.634105682373047, 5.622183322906494, 5.617365837097168,
        5.653084754943848, 5.621781349182129, 5.629681587219238,
        5.477887153625488, 5.481381893157959, 5.46586275100708, 5.4809250831604,
        5.460011959075928, 5.5134406089782715, 5.526471138000488,
        5.516933917999268, 5.486709117889404, 5.397832870483398,
        5.362864017486572, 5.335268020629883, 5.410017490386963,
        5.397939205169678, 5.455007553100586, 5.440651893615723,
        5.427494525909424, 5.430413246154785, 5.281176567077637,
        5.252186298370361, 5.287446975708008, 5.278641223907471,
        5.299381732940674, 5.275637626647949, 5.265833377838135,
        5.263324737548828, 5.2800750732421875, 5.294705867767334,
        5.325334548950195, 5.302719593048096, 5.274695873260498,
        5.263213634490967, 5.278601169586182, 5.294515609741211,
        5.2892231941223145, 5.278812408447266, 5.275922775268555,
        5.295571804046631, 5.377659320831299, 5.349101543426514,
        5.343074321746826, 5.386813640594482, 5.339164733886719,
        5.350586414337158, 5.383183002471924, 5.378426551818848,
        5.380622863769531, 5.3742594718933105, 5.366478443145752,
        5.359225749969482, 5.401106357574463, 5.366467475891113,
        5.3944830894470215, 5.387693405151367, 5.397664546966553,
        5.397202014923096, 5.411584377288818, 5.411819934844971,
        5.408479690551758, 5.502872467041016, 5.46951961517334,
        5.474399089813232, 5.469363212585449, 5.486048221588135,
        5.424073696136475, 5.445117950439453, 5.45789098739624,
        5.4719109535217285, 5.485197067260742
      ]
    }
  },
  {
    "RBS_3100_HL1": {
      "acc": [
        12.9, 11.1, 9.7, 9.2, 10.8, 11.1, 11.3, 11.8, 12.1, 12.3, 11.6, 12.4,
        11.7, 12.0, 12.0, 12.3, 12.3, 13.1, 13.5, 13.7, 13.4, 13.7, 14.0, 14.1,
        14.4, 14.3, 14.4, 14.8, 14.9, 14.5, 14.9, 15.2, 15.3, 15.5, 15.6, 14.5,
        14.7, 15.5, 15.5, 16.1, 16.1, 16.1, 15.7, 15.6, 15.7, 16.0, 16.5, 16.5,
        16.9, 16.6, 17.3, 17.4, 17.7, 17.8, 17.7, 17.3, 18.1, 18.6, 18.4, 18.5,
        18.9, 19.6, 19.4, 19.7, 19.6, 19.6, 20.1, 20.1, 19.9, 19.7, 19.3, 19.6,
        19.5, 19.7, 20.1, 20.0, 19.9, 20.8, 20.6, 20.4, 21.1, 20.5, 20.1, 21.2,
        21.4, 20.8, 20.8, 20.7, 21.1, 21.6, 21.8, 22.0, 22.5, 22.2, 23.2, 24.0,
        22.6, 23.7, 23.8, 24.4, 23.7, 24.1, 24.3, 24.3, 24.1, 23.8, 23.8, 23.6,
        24.0, 24.4, 25.0, 25.4, 25.6, 25.1, 25.4, 25.6, 26.1, 25.8, 25.5, 25.8,
        25.5, 26.1, 26.5, 26.7, 26.8, 26.7, 26.9, 26.5, 27.2, 26.7, 27.0, 27.9,
        28.1, 28.0, 27.3, 27.3, 27.6, 28.1, 28.2, 28.1, 27.7, 27.8, 28.3, 28.6,
        28.3, 28.5, 28.9, 29.3, 28.3, 29.0, 29.1, 29.5, 29.7, 29.9, 29.5, 29.6,
        30.2, 30.3, 30.3, 30.4, 30.6, 30.8, 31.1, 30.9, 31.9, 31.8, 31.8, 31.9,
        32.0, 32.2, 32.1, 32.4, 33.1, 32.9, 32.7, 32.7, 32.8, 32.9, 33.7, 33.3,
        33.4, 32.9, 33.4, 33.3, 33.8, 33.7, 33.6, 33.3, 33.9, 34.1, 33.9, 33.9,
        34.8, 34.5, 35.6, 36.0, 35.5, 35.3, 36.0, 35.7, 36.2, 36.1, 36.4, 36.3,
        35.8, 36.6, 36.5, 37.0, 37.4, 36.8, 36.6, 36.8, 36.9, 36.7, 37.3, 37.4,
        37.7, 37.8, 36.9, 37.7, 37.4, 37.8, 38.4, 39.0, 39.0, 39.5, 38.1, 38.4,
        38.7, 37.4, 37.4, 37.8, 37.0, 36.9, 38.4, 37.8, 37.3, 37.8, 36.8, 37.8,
        37.5, 36.8, 36.9, 37.1, 37.6, 36.7, 37.6, 37.1, 37.0, 36.7, 36.9, 37.3,
        37.6, 38.1, 38.3, 38.5, 36.7, 37.5, 37.9, 36.4, 37.2, 37.2, 37.4, 35.9,
        37.0, 37.7, 38.1, 38.2, 38.3, 38.0, 38.6, 38.4, 37.4, 37.6, 37.0, 37.3,
        38.6, 38.0, 37.6, 37.8, 37.1, 36.9, 35.3, 36.7, 37.1, 37.0, 37.3, 38.2,
        39.2, 38.8, 38.8, 38.4, 37.9, 39.7, 38.5, 39.6, 39.8, 39.5, 40.7, 40.4,
        40.6, 40.3, 40.5, 40.6, 40.0, 39.9, 40.5, 40.6, 41.1, 40.6, 40.3, 40.3,
        40.2, 41.3, 41.0, 40.5, 40.1, 40.2, 40.6, 41.0, 41.6, 41.3, 40.6, 40.4,
        40.5, 41.4, 41.0, 40.2, 40.7, 40.9, 41.0, 41.6, 41.4, 41.7, 41.3, 41.1,
        41.4, 41.9, 40.9, 41.9, 43.2, 43.4, 44.3, 43.9, 44.2, 43.8, 43.1, 42.8,
        43.2, 42.9, 41.9, 42.6, 43.0, 42.8, 42.6, 43.1, 42.9, 43.8, 44.1, 44.6,
        42.5, 42.3, 43.3, 42.2, 42.1, 42.4, 41.0, 41.8, 43.0, 42.0, 41.8, 42.5,
        41.0, 42.0, 41.3, 41.9, 41.1, 41.9, 41.5, 42.6, 42.8, 41.9, 42.4, 42.0,
        41.7, 41.9, 43.1, 42.2, 42.0, 42.1, 41.6
      ],
      "loss": [
        10.040757179260254, 10.459406852722168, 10.743959426879883,
        10.856830596923828, 10.599286079406738, 10.593764305114746,
        10.622391700744629, 10.761515617370605, 10.530455589294434,
        10.5923433303833, 10.813272476196289, 10.709296226501465,
        10.81084156036377, 10.685358047485352, 10.81534194946289,
        10.872269630432129, 10.946619033813477, 10.635293960571289,
        10.60752010345459, 10.627862930297852, 10.549006462097168,
        10.631845474243164, 10.620565414428711, 10.671839714050293,
        10.737906455993652, 10.652193069458008, 10.626579284667969,
        10.69290828704834, 10.109321594238281, 10.183210372924805,
        10.185760498046875, 10.26112174987793, 10.356218338012695,
        10.318297386169434, 10.41569995880127, 10.535297393798828,
        10.585654258728027, 10.504889488220215, 10.707576751708984,
        9.880966186523438, 10.018192291259766, 9.8870210647583,
        10.002791404724121, 9.860990524291992, 9.957043647766113,
        9.934599876403809, 9.93317699432373, 9.944198608398438,
        9.992386817932129, 10.046521186828613, 10.008794784545898,
        10.005631446838379, 10.021960258483887, 10.059906005859375,
        10.05240535736084, 10.107977867126465, 10.013587951660156,
        9.272772789001465, 9.29694938659668, 9.318475723266602,
        9.379231452941895, 9.220410346984863, 9.242777824401855,
        9.317273139953613, 9.350317001342773, 8.985991477966309,
        8.909706115722656, 8.908339500427246, 8.897915840148926,
        9.039678573608398, 9.046207427978516, 9.007513999938965,
        9.012295722961426, 9.037788391113281, 9.049403190612793,
        9.10421085357666, 9.163013458251953, 9.036239624023438,
        8.787883758544922, 8.775556564331055, 8.753231048583984,
        8.890195846557617, 8.916537284851074, 8.951338768005371,
        8.873684883117676, 8.945574760437012, 8.989484786987305,
        9.003572463989258, 9.021625518798828, 9.103551864624023,
        9.152670860290527, 8.943384170532227, 8.956122398376465,
        9.030638694763184, 9.048561096191406, 8.984517097473145,
        9.065817832946777, 9.095488548278809, 9.02444076538086,
        9.044142723083496, 9.047080993652344, 9.09139347076416,
        9.094839096069336, 8.909157752990723, 8.937363624572754,
        9.00947380065918, 8.990315437316895, 8.996930122375488,
        9.033958435058594, 9.00721549987793, 9.085262298583984,
        9.00086784362793, 9.021807670593262, 9.073906898498535,
        9.087814331054688, 9.042158126831055, 9.012568473815918,
        9.07520866394043, 8.819718360900879, 8.891081809997559,
        8.930963516235352, 8.920122146606445, 8.928295135498047,
        8.930410385131836, 8.94012451171875, 8.915383338928223,
        8.940604209899902, 8.936988830566406, 8.978313446044922,
        9.003780364990234, 9.00562572479248, 8.951444625854492,
        8.921198844909668, 8.980920791625977, 8.588775634765625,
        8.630932807922363, 8.641275405883789, 8.656575202941895,
        8.66679573059082, 8.699479103088379, 8.708406448364258,
        8.693659782409668, 8.591424942016602, 8.538884162902832,
        8.536880493164062, 8.439346313476562, 8.469795227050781,
        8.509903907775879, 8.60844898223877, 8.54856014251709,
        8.545446395874023, 8.556331634521484, 8.537532806396484,
        8.55257511138916, 8.572209358215332, 8.570810317993164,
        8.578282356262207, 8.508382797241211, 8.509108543395996,
        8.537343978881836, 8.53702449798584, 8.388603210449219,
        8.412561416625977, 8.422002792358398, 8.414843559265137,
        8.44340705871582, 8.431906700134277, 8.43716049194336,
        8.412257194519043, 8.42402172088623, 8.026827812194824,
        8.079529762268066, 7.895880699157715, 7.899648189544678,
        7.899441242218018, 7.899374485015869, 7.9207892417907715,
        7.740809917449951, 7.512986660003662, 7.528510093688965, 7.523681640625,
        7.384103775024414, 7.403084754943848, 7.336897850036621,
        7.365520000457764, 7.380624771118164, 7.347360134124756,
        7.380161285400391, 7.3828020095825195, 7.369823932647705,
        7.369884967803955, 7.405529975891113, 7.423973083496094,
        7.439331531524658, 7.369101524353027, 7.341915130615234,
        7.316282272338867, 7.362076759338379, 7.366988658905029,
        7.3999857902526855, 7.341458320617676, 7.15518045425415,
        7.155220985412598, 7.158108711242676, 7.171596050262451,
        7.141984462738037, 7.163519859313965, 7.169004917144775,
        7.134098052978516, 7.141079425811768, 7.158383846282959,
        7.163450717926025, 7.163445472717285, 7.16415548324585,
        7.128137588500977, 7.180887222290039, 7.192611217498779,
        7.041930675506592, 7.080028057098389, 7.088211536407471,
        7.085623264312744, 7.045270919799805, 7.050406455993652,
        7.082551002502441, 7.069909572601318, 7.034095287322998,
        6.918862819671631, 6.934512615203857, 6.907619953155518,
        6.967916488647461, 6.976205825805664, 6.926271438598633,
        6.991648197174072, 7.011366844177246, 6.776264667510986,
        6.784196853637695, 6.753279209136963, 6.736044883728027,
        6.757322311401367, 6.735860824584961, 6.772673606872559,
        6.795501232147217, 6.77407169342041, 6.701613426208496,
        6.701596260070801, 6.742989540100098, 6.7060227394104,
        6.728740692138672, 6.737946033477783, 6.753252983093262,
        6.76835823059082, 6.746224403381348, 6.708959102630615,
        6.704867362976074, 6.67803955078125, 6.688952922821045,
        6.576789855957031, 6.566758632659912, 6.545771598815918,
        6.586920738220215, 6.553996562957764, 6.576029300689697,
        6.549122333526611, 6.618210792541504, 6.565932750701904,
        6.553647518157959, 6.542261123657227, 6.546570777893066,
        6.544672966003418, 6.6082377433776855, 6.583412170410156,
        6.604771614074707, 6.471653461456299, 6.454723834991455,
        6.516877174377441, 6.488933086395264, 6.452296733856201,
        6.463602542877197, 6.486213207244873, 6.498802185058594,
        6.5096845626831055, 6.40613317489624, 6.5094780921936035,
        6.327768325805664, 6.31969690322876, 6.343097686767578,
        6.281487464904785, 6.269268989562988, 6.089818954467773,
        6.144561290740967, 6.127397537231445, 6.13905143737793,
        6.208767890930176, 6.129617691040039, 6.180093288421631,
        6.0852766036987305, 6.104232311248779, 6.113221645355225,
        5.924253463745117, 5.924431324005127, 5.970525741577148,
        5.986544132232666, 5.963342189788818, 5.952418804168701,
        5.906430244445801, 5.912400722503662, 5.8914618492126465,
        5.885102272033691, 5.8804779052734375, 5.659558296203613,
        5.667831897735596, 5.656022548675537, 5.674099922180176,
        5.629539489746094, 5.636464595794678, 5.638154983520508,
        5.616604804992676, 5.62930154800415, 5.6389851570129395,
        5.631972312927246, 5.616936683654785, 5.623893737792969,
        5.438563346862793, 5.439716815948486, 5.431037425994873,
        5.432601451873779, 5.461959362030029, 5.517116069793701,
        5.50408411026001, 5.471467971801758, 5.458646297454834,
        5.312915325164795, 5.353703498840332, 5.331306457519531,
        5.411194324493408, 5.365799903869629, 5.445197582244873,
        5.412374496459961, 5.4033331871032715, 5.373593330383301,
        5.261172294616699, 5.223092555999756, 5.181135654449463,
        5.186347007751465, 5.203193664550781, 5.203881740570068,
        5.258756160736084, 5.251809597015381, 5.228689193725586,
        5.24172830581665, 5.309720516204834, 5.257413864135742,
        5.235569477081299, 5.230617046356201, 5.239652633666992,
        5.227081775665283, 5.241830348968506, 5.209855556488037,
        5.198556423187256, 5.217977523803711, 5.314914226531982,
        5.340804100036621, 5.306262969970703, 5.362951278686523,
        5.386425971984863, 5.346861839294434, 5.397613525390625,
        5.362968444824219, 5.336733341217041, 5.395869255065918,
        5.417234897613525, 5.365889549255371, 5.406871795654297,
        5.360339641571045, 5.40228796005249, 5.391188144683838,
        5.430452346801758, 5.411078453063965, 5.4261088371276855,
        5.400976181030273, 5.3978166580200195, 5.479246616363525,
        5.432138442993164, 5.435070037841797, 5.475947856903076,
        5.466794490814209, 5.363368988037109, 5.433964252471924,
        5.482181549072266, 5.49287748336792, 5.495046615600586
      ]
    }
  },
  {
    "RBS_3100_HL2": {
      "acc": [
        11.5, 11.6, 10.4, 9.2, 9.6, 8.9, 11.2, 11.6, 11.6, 11.2, 10.7, 11.1,
        11.4, 11.3, 10.7, 10.9, 10.7, 11.1, 12.4, 12.2, 12.7, 12.8, 13.7, 12.6,
        12.9, 12.7, 13.0, 13.2, 13.7, 13.6, 14.6, 14.8, 13.9, 14.6, 15.0, 14.4,
        13.9, 15.1, 14.9, 15.3, 13.9, 15.6, 14.9, 15.3, 14.8, 15.3, 15.3, 15.6,
        16.6, 16.0, 16.9, 16.5, 17.0, 17.1, 17.0, 16.4, 16.5, 17.5, 17.3, 16.5,
        17.3, 17.9, 17.4, 18.0, 18.6, 19.2, 19.4, 18.4, 19.3, 18.9, 18.6, 18.7,
        18.1, 18.1, 18.4, 18.9, 18.9, 20.0, 20.2, 20.8, 20.9, 19.6, 19.7, 20.1,
        20.5, 20.0, 20.0, 20.6, 19.7, 19.5, 19.5, 20.4, 20.6, 20.3, 21.6, 21.7,
        19.9, 20.9, 21.6, 22.0, 21.4, 22.0, 22.1, 22.3, 21.7, 22.5, 22.4, 21.7,
        23.3, 23.8, 23.7, 23.7, 22.8, 23.7, 22.3, 23.9, 24.5, 24.9, 24.3, 23.2,
        23.1, 23.3, 23.9, 23.5, 23.9, 25.0, 23.9, 24.2, 24.5, 24.1, 24.8, 25.2,
        26.5, 25.7, 25.6, 26.5, 24.9, 25.0, 25.9, 26.0, 25.7, 25.8, 26.5, 28.0,
        26.8, 26.2, 26.6, 25.8, 26.1, 27.0, 26.1, 25.8, 26.6, 25.9, 24.9, 25.3,
        26.8, 29.0, 28.3, 27.6, 28.1, 27.0, 27.5, 26.4, 26.2, 26.6, 27.4, 28.2,
        27.9, 26.8, 29.3, 27.7, 27.9, 27.9, 29.0, 28.9, 28.3, 28.8, 29.3, 28.9,
        28.6, 30.1, 28.6, 29.8, 29.3, 30.5, 30.0, 29.5, 29.6, 29.7, 29.5, 29.9,
        29.5, 28.1, 28.8, 29.9, 31.1, 30.2, 31.3, 31.0, 31.0, 31.8, 31.8, 30.9,
        30.9, 31.8, 31.3, 30.9, 30.3, 32.1, 31.5, 32.1, 30.2, 30.7, 32.8, 33.8,
        34.2, 33.3, 31.7, 31.9, 31.3, 31.3, 31.9, 31.8, 31.8, 32.5, 32.4, 32.3,
        33.2, 31.9, 32.1, 33.8, 32.3, 31.8, 33.1, 32.9, 32.0, 31.6, 31.4, 32.6,
        32.5, 32.1, 31.0, 32.2, 32.3, 31.5, 31.7, 32.3, 32.7, 32.0, 31.7, 31.0,
        32.0, 32.4, 33.3, 33.6, 33.6, 33.2, 33.4, 31.9, 32.9, 31.8, 32.3, 30.5,
        32.8, 33.9, 34.2, 33.9, 34.6, 33.7, 33.0, 33.0, 33.3, 31.6, 33.0, 32.7,
        34.5, 34.7, 34.6, 35.7, 34.5, 35.6, 32.9, 33.7, 33.2, 32.5, 31.6, 33.1,
        35.4, 34.7, 34.8, 33.0, 31.9, 33.9, 33.9, 35.4, 35.2, 34.8, 35.1, 34.6,
        35.5, 34.2, 34.5, 33.8, 36.4, 35.5, 35.3, 34.9, 35.9, 36.6, 36.0, 36.5,
        35.4, 35.7, 34.8, 35.7, 36.4, 36.4, 35.2, 35.3, 36.0, 34.9, 37.2, 37.0,
        38.2, 36.7, 37.8, 34.9, 34.5, 35.7, 37.0, 37.2, 37.7, 36.7, 36.3, 36.1,
        35.7, 36.1, 35.4, 36.1, 36.5, 37.2, 36.1, 37.6, 35.7, 37.1, 37.2, 37.2,
        35.8, 36.9, 34.9, 35.4, 36.2, 37.2, 35.3, 35.0, 35.5, 36.0, 35.5, 36.6,
        34.1, 35.3, 35.5, 35.2, 36.1, 36.8, 36.0, 36.5, 36.3, 36.7, 36.7, 36.1,
        35.5, 37.1, 36.8, 36.5, 37.0, 36.6, 35.3, 34.6, 35.4, 33.8, 35.5, 35.2,
        35.9, 34.7, 35.9, 35.3, 36.1, 36.2, 35.1
      ],
      "loss": [
        10.456308364868164, 10.60348892211914, 10.997776985168457,
        11.29341983795166, 11.32515811920166, 11.583314895629883,
        10.882929801940918, 10.993965148925781, 11.01645565032959,
        11.118330955505371, 11.432353973388672, 11.452351570129395,
        11.50425910949707, 11.379862785339355, 11.590370178222656,
        11.675317764282227, 11.932332038879395, 11.417677879333496,
        11.178836822509766, 11.285237312316895, 11.129934310913086,
        11.378082275390625, 11.104477882385254, 11.491641998291016,
        11.268691062927246, 11.233677864074707, 11.16082763671875,
        11.297380447387695, 10.800116539001465, 10.920944213867188,
        10.723875999450684, 10.747800827026367, 10.968586921691895,
        10.946626663208008, 10.859574317932129, 11.088754653930664,
        11.216994285583496, 10.967204093933105, 10.960040092468262,
        10.518975257873535, 10.972513198852539, 10.710695266723633,
        10.7931547164917, 10.73820972442627, 10.735495567321777,
        10.683989524841309, 10.812704086303711, 10.789789199829102,
        10.72438907623291, 10.894700050354004, 10.763880729675293,
        10.74133586883545, 10.71835708618164, 10.807981491088867,
        10.774470329284668, 10.925581932067871, 10.722238540649414,
        10.480860710144043, 10.626093864440918, 10.695868492126465,
        10.623451232910156, 10.414297103881836, 10.525470733642578,
        10.53735065460205, 10.400871276855469, 10.106220245361328,
        9.645099639892578, 9.884198188781738, 9.769828796386719,
        9.779369354248047, 9.690741539001465, 9.687129020690918,
        9.817644119262695, 9.811540603637695, 9.768664360046387,
        9.872034072875977, 9.82491683959961, 9.782623291015625,
        9.474206924438477, 9.562155723571777, 9.499627113342285,
        9.615682601928711, 9.654496192932129, 9.683948516845703,
        9.683712005615234, 9.650125503540039, 9.685389518737793,
        9.598310470581055, 9.71188735961914, 9.768208503723145,
        9.834678649902344, 9.657867431640625, 9.634596824645996,
        9.719223976135254, 9.562074661254883, 9.503619194030762,
        9.758437156677246, 9.616290092468262, 9.601509094238281,
        9.676202774047852, 9.56298828125, 9.65207290649414, 9.701714515686035,
        9.403582572937012, 9.416800498962402, 9.482095718383789,
        9.49789047241211, 9.460810661315918, 9.46380615234375, 9.45998477935791,
        9.550679206848145, 9.57158088684082, 9.68179702758789,
        9.652873992919922, 9.870821952819824, 9.724640846252441,
        9.714344024658203, 9.748659133911133, 9.555119514465332,
        9.612786293029785, 9.65149974822998, 9.605999946594238,
        9.648167610168457, 9.692353248596191, 9.737442016601562,
        9.604475021362305, 9.75545883178711, 9.633545875549316,
        9.704771041870117, 9.753087997436523, 9.670849800109863,
        9.683967590332031, 9.591360092163086, 9.689817428588867,
        9.327466011047363, 9.396297454833984, 9.521907806396484,
        9.540225982666016, 9.496553421020508, 9.536160469055176,
        9.609807014465332, 9.542932510375977, 9.274588584899902,
        9.220271110534668, 9.260613441467285, 9.235736846923828,
        9.153992652893066, 9.24129867553711, 9.334305763244629,
        9.219826698303223, 9.246977806091309, 9.333375930786133,
        9.266602516174316, 9.362427711486816, 9.385608673095703,
        9.390686988830566, 9.351615905761719, 9.215703010559082,
        9.289247512817383, 9.352410316467285, 9.282743453979492,
        9.203768730163574, 9.239442825317383, 9.321218490600586,
        9.453375816345215, 9.46812629699707, 9.072491645812988,
        9.131010055541992, 9.128994941711426, 9.196226119995117,
        8.65260124206543, 8.782336235046387, 8.358509063720703,
        8.403185844421387, 8.345271110534668, 8.397128105163574,
        8.454753875732422, 8.28420639038086, 8.118542671203613,
        8.139327049255371, 8.146208763122559, 7.909142971038818,
        7.955306529998779, 7.916908264160156, 7.921249866485596,
        7.952330589294434, 7.956986904144287, 8.0303316116333,
        7.998439311981201, 8.030057907104492, 8.034910202026367,
        7.995614528656006, 8.143638610839844, 8.317456245422363,
        8.09060287475586, 8.051653861999512, 7.945021629333496,
        7.990904808044434, 7.97152042388916, 8.005687713623047, 7.7218918800354,
        7.49681282043457, 7.555688858032227, 7.5515360832214355,
        7.537535667419434, 7.451719760894775, 7.522973537445068,
        7.568027496337891, 7.541409969329834, 7.486494064331055,
        7.519669532775879, 7.617716312408447, 7.5498504638671875,
        7.528500556945801, 7.487842559814453, 7.515955924987793,
        7.5207061767578125, 7.260931968688965, 7.363964080810547,
        7.440769672393799, 7.429391384124756, 7.341257572174072,
        7.3677849769592285, 7.461770534515381, 7.384466171264648,
        7.3230109214782715, 7.204536437988281, 7.213568687438965,
        7.174075603485107, 7.230783939361572, 7.2354865074157715,
        7.1781439781188965, 7.230529308319092, 7.272346496582031,
        7.080276966094971, 7.087627410888672, 7.085214138031006,
        7.116247177124023, 7.134707927703857, 7.095851898193359,
        7.133594989776611, 7.187612533569336, 7.204021453857422,
        7.063982009887695, 7.083203315734863, 7.138363838195801,
        7.0871663093566895, 7.113006114959717, 7.101789951324463,
        7.135533332824707, 7.190237998962402, 7.185135841369629,
        7.101812362670898, 7.109543323516846, 7.051876068115234,
        7.107348442077637, 6.992832660675049, 7.009613037109375,
        7.033593654632568, 7.131925582885742, 7.042622089385986,
        7.046574115753174, 7.065558910369873, 7.201973915100098,
        7.068629741668701, 7.034518718719482, 7.03526496887207,
        7.0196356773376465, 7.0137810707092285, 7.079818248748779,
        7.060269832611084, 7.082579135894775, 6.7665696144104,
        6.841413497924805, 6.934217929840088, 6.8811564445495605,
        6.792044162750244, 6.775823593139648, 6.784266948699951,
        6.769809246063232, 6.769596576690674, 6.518693447113037,
        6.71498441696167, 6.577033996582031, 6.597117900848389,
        6.643250465393066, 6.677303314208984, 6.595644950866699,
        6.304120063781738, 6.410160541534424, 6.343947887420654,
        6.364284515380859, 6.445294380187988, 6.351193904876709,
        6.421125888824463, 6.294581890106201, 6.3025407791137695,
        6.326112747192383, 6.24337911605835, 6.262091159820557,
        6.2609148025512695, 6.2900471687316895, 6.265477657318115,
        6.31758451461792, 6.086330413818359, 6.190517425537109,
        6.251810073852539, 6.193991661071777, 6.175967216491699,
        5.925789833068848, 5.927515029907227, 5.903497695922852,
        5.958782196044922, 5.963377952575684, 6.019397258758545,
        5.932831764221191, 5.917313575744629, 5.937192916870117,
        5.967766284942627, 6.044047832489014, 5.999051570892334,
        6.012943267822266, 5.732470989227295, 5.768399715423584,
        5.6938581466674805, 5.787827968597412, 5.754881858825684,
        5.848207473754883, 5.885663032531738, 5.785078048706055,
        5.738011360168457, 5.5529632568359375, 5.590644359588623,
        5.634623050689697, 5.734741687774658, 5.692868709564209,
        5.799962997436523, 5.769941329956055, 5.7486042976379395,
        5.673795700073242, 5.637396812438965, 5.617410659790039,
        5.621983528137207, 5.592128276824951, 5.6825270652771,
        5.573745250701904, 5.5767645835876465, 5.587290287017822,
        5.666022777557373, 5.626886367797852, 5.688542366027832,
        5.6874098777771, 5.600584506988525, 5.604014873504639,
        5.689608097076416, 5.703181266784668, 5.661945343017578,
        5.640286445617676, 5.660719394683838, 5.658620834350586,
        5.819834232330322, 5.791827201843262, 5.74144172668457,
        5.873020172119141, 5.741733074188232, 5.685647010803223,
        5.82991886138916, 5.745995998382568, 5.776570796966553,
        5.754517078399658, 5.756932258605957, 5.6857523918151855,
        5.775177955627441, 5.726343154907227, 5.706591606140137,
        5.727620601654053, 5.757150173187256, 5.764435291290283,
        5.875226020812988, 5.893176078796387, 5.845592975616455,
        5.913175582885742, 5.868164539337158, 5.902498722076416,
        5.89296293258667, 5.935850143432617, 5.7477288246154785,
        5.834376811981201, 5.889700889587402, 5.912410736083984,
        5.951564788818359
      ]
    }
  },
  {
    "RBS_3100_HL3": {
      "acc": [
        11.3, 11.3, 10.6, 9.9, 11.0, 10.4, 12.0, 11.4, 11.4, 11.5, 11.1, 11.7,
        11.6, 11.4, 11.0, 10.8, 11.2, 12.2, 12.1, 11.7, 12.6, 11.6, 13.6, 12.9,
        13.1, 12.9, 12.9, 12.6, 12.3, 11.7, 12.9, 12.8, 12.1, 11.9, 13.3, 13.3,
        13.1, 14.3, 13.8, 14.5, 13.9, 13.8, 14.4, 13.7, 14.1, 14.5, 14.5, 14.0,
        15.1, 14.4, 16.0, 15.3, 15.9, 16.0, 15.7, 15.3, 16.1, 16.7, 15.9, 15.7,
        16.5, 17.2, 16.9, 18.4, 18.6, 18.4, 18.5, 17.9, 17.7, 18.4, 18.5, 17.4,
        17.3, 17.1, 18.4, 18.5, 18.3, 19.5, 20.0, 19.2, 18.8, 18.9, 19.0, 19.4,
        19.8, 20.6, 20.3, 20.1, 19.1, 19.0, 18.6, 20.0, 20.0, 19.3, 21.4, 22.6,
        20.9, 22.1, 22.5, 23.2, 22.4, 22.4, 22.4, 22.6, 21.7, 22.7, 22.1, 21.3,
        22.7, 22.9, 23.0, 22.8, 22.4, 23.6, 23.7, 23.9, 23.9, 23.9, 24.2, 23.4,
        23.0, 23.1, 24.5, 24.2, 24.1, 24.9, 24.2, 24.5, 24.5, 24.1, 24.7, 23.9,
        24.9, 24.9, 25.2, 25.2, 24.2, 25.7, 25.4, 26.1, 25.0, 25.2, 25.9, 26.2,
        24.7, 25.2, 24.5, 25.1, 24.3, 25.7, 25.3, 25.3, 25.2, 25.3, 24.5, 24.7,
        26.3, 26.5, 27.7, 26.5, 26.1, 27.1, 27.3, 27.8, 28.1, 27.9, 27.5, 28.1,
        27.3, 27.9, 27.8, 27.0, 28.4, 29.2, 29.0, 29.1, 29.5, 29.3, 28.1, 28.2,
        28.4, 28.7, 27.4, 27.8, 28.5, 30.4, 28.6, 29.3, 29.5, 29.8, 28.6, 30.8,
        30.2, 29.3, 30.9, 30.1, 31.3, 31.0, 31.3, 31.7, 32.8, 31.9, 31.8, 31.0,
        31.3, 32.3, 30.5, 30.6, 32.3, 31.6, 31.1, 31.5, 30.8, 32.1, 32.3, 32.9,
        33.2, 33.2, 31.3, 32.5, 31.6, 32.9, 34.2, 34.2, 34.2, 33.7, 34.4, 32.8,
        34.6, 33.2, 32.9, 33.2, 32.9, 32.4, 32.6, 32.2, 33.7, 31.9, 33.2, 32.2,
        32.2, 31.4, 32.5, 34.8, 33.7, 32.5, 31.8, 31.1, 31.7, 31.5, 31.9, 32.1,
        33.1, 32.1, 33.6, 32.5, 33.9, 34.5, 34.8, 32.9, 34.8, 34.1, 34.7, 32.3,
        34.5, 34.9, 34.9, 35.1, 34.0, 32.9, 33.5, 35.3, 34.1, 33.4, 34.7, 34.0,
        33.9, 34.1, 33.7, 35.3, 34.9, 34.9, 32.7, 36.2, 35.7, 33.3, 34.9, 35.5,
        36.7, 34.3, 34.2, 34.6, 33.1, 36.0, 34.3, 36.0, 35.6, 35.4, 35.6, 34.9,
        34.8, 34.5, 33.5, 34.6, 37.4, 35.3, 36.1, 36.4, 36.7, 37.7, 36.4, 36.4,
        35.3, 35.5, 34.6, 35.4, 36.2, 35.2, 34.1, 34.6, 35.7, 34.6, 38.5, 37.2,
        37.5, 37.0, 37.6, 36.1, 34.8, 36.6, 36.4, 35.5, 37.1, 36.7, 35.6, 35.7,
        35.4, 36.0, 35.1, 36.0, 39.0, 37.8, 38.4, 38.3, 38.2, 37.8, 37.1, 37.9,
        37.5, 36.8, 36.3, 36.8, 37.5, 38.5, 37.2, 37.2, 36.6, 36.9, 36.5, 37.7,
        35.8, 36.6, 36.9, 36.9, 37.4, 37.1, 36.9, 36.6, 36.9, 36.9, 37.5, 37.3,
        35.3, 36.4, 35.9, 36.4, 35.6, 35.4, 36.3, 36.2, 36.1, 34.5, 34.8, 34.4,
        35.2, 34.9, 36.1, 35.2, 34.8, 36.0, 34.9
      ],
      "loss": [
        10.255241394042969, 10.468560218811035, 10.787063598632812,
        11.051031112670898, 10.733790397644043, 10.916651725769043,
        10.518411636352539, 10.980154991149902, 10.905059814453125,
        10.966097831726074, 11.2571439743042, 11.193405151367188,
        11.24250316619873, 11.274151802062988, 11.529634475708008,
        11.585278511047363, 11.704534530639648, 10.94119930267334,
        11.125666618347168, 11.267266273498535, 11.040616035461426,
        11.166418075561523, 10.955469131469727, 11.288817405700684,
        11.34774398803711, 11.262918472290039, 11.246461868286133,
        11.25571060180664, 10.938167572021484, 11.092299461364746,
        10.952808380126953, 11.059114456176758, 11.188982009887695,
        11.21829605102539, 11.250649452209473, 11.299036979675293,
        11.34257698059082, 11.110026359558105, 11.262544631958008,
        10.848913192749023, 11.09949779510498, 10.840609550476074,
        10.81113052368164, 10.90002155303955, 11.00182819366455,
        10.850417137145996, 10.837279319763184, 10.88792610168457,
        10.878103256225586, 10.913232803344727, 10.821784019470215,
        10.917608261108398, 10.747932434082031, 10.797977447509766,
        10.860944747924805, 10.987508773803711, 10.257660865783691, 10.12890625,
        10.301604270935059, 10.373457908630371, 10.23866081237793,
        10.045022964477539, 10.152203559875488, 10.051182746887207,
        10.049328804016113, 9.908374786376953, 9.51607608795166,
        9.684821128845215, 9.730173110961914, 9.847989082336426,
        9.258066177368164, 9.371692657470703, 9.484057426452637,
        9.490068435668945, 9.427239418029785, 9.580469131469727,
        9.55938720703125, 9.433762550354004, 9.267301559448242,
        9.489364624023438, 9.520709991455078, 9.61526870727539,
        9.489433288574219, 9.597976684570312, 9.569546699523926,
        9.501667022705078, 9.530702590942383, 9.597167015075684,
        9.652093887329102, 9.792524337768555, 9.875117301940918,
        9.286513328552246, 9.300084114074707, 9.433162689208984,
        9.187885284423828, 9.037044525146484, 9.241015434265137,
        9.126806259155273, 9.128000259399414, 9.192188262939453,
        9.242534637451172, 9.296560287475586, 9.346294403076172,
        9.02409839630127, 9.122563362121582, 9.088181495666504,
        9.059111595153809, 9.118711471557617, 9.07854175567627,
        9.075935363769531, 9.13722038269043, 8.953474044799805,
        9.024466514587402, 9.048975944519043, 9.154969215393066,
        9.075770378112793, 9.054471015930176, 9.0687894821167,
        8.960423469543457, 9.011210441589355, 9.067684173583984,
        9.059355735778809, 9.039857864379883, 9.107980728149414,
        9.141792297363281, 9.159948348999023, 9.264466285705566,
        9.24276351928711, 9.220484733581543, 9.259687423706055,
        9.265122413635254, 9.310675621032715, 9.221235275268555,
        9.241156578063965, 9.018691062927246, 9.096406936645508,
        9.156644821166992, 9.186057090759277, 9.106403350830078,
        9.127984046936035, 9.268778800964355, 9.218640327453613,
        9.066794395446777, 9.075469970703125, 9.20155143737793,
        9.110912322998047, 9.113188743591309, 9.133779525756836,
        9.134224891662598, 9.047832489013672, 9.114204406738281,
        9.13976764678955, 9.150227546691895, 9.179366111755371,
        9.254134178161621, 9.339963912963867, 9.222447395324707,
        9.19710636138916, 9.116790771484375, 9.23287296295166,
        9.208081245422363, 8.809333801269531, 8.845520973205566,
        8.879151344299316, 8.88808822631836, 8.935483932495117,
        8.633185386657715, 8.597942352294922, 8.663049697875977,
        8.654719352722168, 8.492884635925293, 8.540825843811035,
        8.420957565307617, 8.424504280090332, 8.4873628616333,
        8.451422691345215, 8.446808815002441, 8.281478881835938,
        8.274964332580566, 8.322443008422852, 8.34808349609375,
        8.06165599822998, 8.138317108154297, 8.113371849060059,
        8.13033390045166, 8.11061954498291, 8.15842342376709, 8.166515350341797,
        8.162347793579102, 8.174858093261719, 8.23063850402832,
        8.153271675109863, 8.175153732299805, 8.2686128616333,
        8.149423599243164, 8.148716926574707, 8.05062198638916,
        8.090678215026855, 8.078434944152832, 8.085392951965332,
        7.8414788246154785, 7.699919700622559, 7.758404731750488,
        7.737353801727295, 7.732654571533203, 7.693382740020752,
        7.801873683929443, 7.840154647827148, 7.781423568725586,
        7.720301151275635, 7.752441883087158, 7.703805923461914,
        7.7973551750183105, 7.725307464599609, 7.682353496551514,
        7.667947769165039, 7.712047576904297, 7.594997882843018,
        7.752166748046875, 7.759227275848389, 7.802453994750977,
        7.70360803604126, 7.615086078643799, 7.678616523742676,
        7.677211761474609, 7.670167446136475, 7.441966533660889,
        7.499288082122803, 7.448322296142578, 7.497434616088867,
        7.506746292114258, 7.435267925262451, 7.528073310852051,
        7.6088433265686035, 7.463959693908691, 7.439737796783447,
        7.310330867767334, 7.3812761306762695, 7.358120918273926,
        7.413038730621338, 7.477916240692139, 7.511680603027344,
        7.429044723510742, 7.090823650360107, 7.196105480194092,
        7.272854328155518, 7.2764811515808105, 7.300252437591553,
        7.240285873413086, 7.284390449523926, 7.327219009399414,
        7.2636823654174805, 7.235395908355713, 7.270930290222168,
        7.233207702636719, 7.3184027671813965, 7.134589672088623,
        7.198017597198486, 7.171422481536865, 7.202478408813477,
        7.071942329406738, 7.162121295928955, 7.12802791595459,
        7.203851699829102, 7.17436408996582, 7.1751298904418945,
        7.183009624481201, 7.228808403015137, 7.2712531089782715,
        7.3429274559021, 7.324461936950684, 7.22280740737915,
        7.1433305740356445, 7.17337703704834, 7.225611686706543,
        7.202073097229004, 7.155704021453857, 7.206087112426758,
        7.236354827880859, 7.155458450317383, 7.129746437072754,
        6.883841037750244, 6.999873161315918, 6.609172344207764,
        6.663812160491943, 6.763088703155518, 6.54912805557251,
        6.514892101287842, 6.341486930847168, 6.493441581726074,
        6.422236919403076, 6.413368225097656, 6.420942306518555,
        6.340147018432617, 6.385985851287842, 6.363346099853516,
        6.347738742828369, 6.405259609222412, 6.362812042236328,
        6.355617046356201, 6.400253772735596, 6.402501583099365,
        6.456648349761963, 6.409472942352295, 6.106941223144531,
        6.289268970489502, 6.261779308319092, 6.196564197540283,
        6.172886848449707, 5.862836837768555, 5.948387622833252,
        5.957345008850098, 6.0156354904174805, 6.02532434463501,
        6.087769508361816, 6.051255226135254, 5.959576606750488,
        5.986645698547363, 6.056970596313477, 6.062482833862305,
        5.985292911529541, 6.051716327667236, 5.644218921661377,
        5.742271423339844, 5.680211544036865, 5.736568450927734,
        5.72732400894165, 5.772820472717285, 5.827072620391846,
        5.737243175506592, 5.724946022033691, 5.659306526184082,
        5.692071914672852, 5.660223007202148, 5.807099342346191,
        5.737845420837402, 5.855090141296387, 5.781412124633789,
        5.7710347175598145, 5.774489879608154, 5.479310989379883,
        5.506943225860596, 5.521761894226074, 5.525022029876709,
        5.550961971282959, 5.536571979522705, 5.544247627258301,
        5.526289939880371, 5.523123264312744, 5.576590538024902,
        5.570788383483887, 5.557958126068115, 5.506134510040283,
        5.4713134765625, 5.502374172210693, 5.511995792388916,
        5.555423259735107, 5.562416076660156, 5.569260597229004,
        5.58184289932251, 5.720324516296387, 5.582564353942871,
        5.565587520599365, 5.681024074554443, 5.644020080566406,
        5.614145755767822, 5.6841654777526855, 5.672454833984375,
        5.622697353363037, 5.660801887512207, 5.671450138092041,
        5.615311145782471, 5.680803298950195, 5.650875091552734,
        5.693841457366943, 5.70400333404541, 5.7407732009887695,
        5.756627082824707, 5.737098217010498, 5.739614009857178,
        5.742231845855713, 5.800554275512695, 5.787071228027344,
        5.817104816436768, 5.890458106994629, 5.853039264678955,
        5.76508903503418, 5.839290142059326, 5.922142505645752,
        5.874083995819092, 5.855000019073486
      ]
    }
  },
  {
    "RBS_3100_HL4": {
      "acc": [
        11.7, 10.1, 8.4, 7.3, 9.9, 9.3, 9.9, 10.0, 10.5, 10.8, 9.7, 10.5, 10.5,
        10.7, 10.2, 10.0, 9.5, 10.3, 11.5, 10.5, 12.0, 12.0, 12.5, 12.3, 12.7,
        12.6, 12.5, 12.7, 13.4, 12.4, 12.9, 12.7, 12.6, 12.6, 13.8, 13.2, 13.3,
        13.5, 14.1, 15.1, 14.7, 14.7, 14.2, 14.4, 15.3, 16.0, 14.7, 15.5, 15.3,
        15.0, 16.4, 16.2, 17.3, 17.4, 17.3, 17.0, 17.6, 16.7, 16.1, 15.8, 16.8,
        17.4, 16.6, 17.6, 18.2, 18.5, 19.0, 18.3, 18.4, 18.1, 18.4, 17.7, 18.9,
        17.9, 19.3, 18.5, 18.2, 18.8, 19.3, 19.0, 19.1, 18.7, 18.6, 19.7, 19.5,
        20.5, 20.3, 20.9, 19.4, 20.0, 20.1, 21.1, 21.7, 20.3, 22.7, 22.9, 21.1,
        22.4, 21.6, 22.3, 22.8, 22.6, 22.3, 22.9, 22.3, 22.4, 22.5, 22.1, 23.4,
        22.5, 23.0, 23.5, 23.0, 24.3, 23.0, 24.8, 24.1, 24.5, 24.0, 24.5, 24.2,
        23.6, 24.0, 24.0, 24.3, 25.5, 24.7, 24.4, 24.1, 23.9, 24.5, 25.5, 25.5,
        25.3, 25.4, 25.8, 25.3, 26.7, 27.4, 27.2, 26.7, 26.4, 26.3, 27.0, 26.9,
        25.9, 26.9, 26.5, 25.0, 26.2, 25.8, 26.3, 26.8, 26.8, 26.5, 25.6, 27.8,
        28.5, 29.3, 27.8, 27.9, 29.2, 29.7, 29.4, 29.3, 29.3, 29.3, 28.7, 28.9,
        29.5, 29.8, 29.5, 30.1, 29.7, 29.5, 31.0, 30.4, 30.1, 28.6, 28.2, 28.2,
        28.8, 28.6, 29.3, 29.3, 29.3, 29.7, 29.8, 29.9, 29.3, 29.7, 30.6, 30.9,
        30.3, 31.5, 31.5, 30.9, 31.1, 31.7, 32.6, 31.8, 32.2, 32.3, 30.2, 30.3,
        30.7, 30.9, 30.9, 31.8, 31.3, 30.0, 31.7, 30.1, 31.3, 31.3, 32.4, 33.0,
        33.3, 30.9, 31.1, 30.8, 31.5, 31.4, 31.7, 31.8, 32.9, 33.9, 33.2, 33.0,
        32.3, 32.3, 33.3, 31.8, 31.1, 33.6, 33.9, 33.9, 32.8, 33.4, 34.1, 34.1,
        33.5, 32.8, 33.7, 34.1, 31.9, 32.1, 32.3, 32.6, 31.2, 31.4, 32.5, 32.8,
        32.9, 33.5, 33.3, 32.5, 33.4, 33.8, 31.5, 33.1, 33.7, 33.4, 31.4, 33.0,
        33.9, 33.9, 33.9, 34.1, 34.3, 34.0, 34.5, 34.5, 33.7, 32.8, 32.8, 34.2,
        35.1, 34.4, 35.2, 33.8, 34.4, 31.0, 35.5, 34.4, 31.6, 33.0, 33.9, 35.7,
        35.8, 33.9, 33.6, 32.5, 33.9, 34.2, 34.8, 34.8, 34.0, 36.8, 35.6, 36.5,
        34.5, 34.9, 36.0, 36.5, 33.9, 35.0, 35.3, 36.1, 36.9, 37.0, 36.1, 36.5,
        36.7, 36.3, 36.5, 35.1, 33.6, 35.4, 36.5, 36.9, 36.1, 38.6, 38.3, 38.2,
        37.2, 36.9, 36.1, 36.0, 37.3, 37.4, 37.3, 38.6, 37.5, 38.3, 36.6, 37.3,
        37.2, 37.9, 37.6, 38.1, 37.4, 38.6, 39.4, 37.8, 38.0, 37.4, 36.1, 36.9,
        37.7, 36.4, 37.1, 37.6, 37.2, 37.2, 36.7, 37.1, 37.5, 36.9, 38.0, 34.5,
        36.5, 35.7, 37.2, 36.2, 36.8, 37.3, 36.9, 37.1, 37.3, 37.3, 37.0, 35.7,
        36.7, 35.6, 35.9, 34.9, 35.8, 36.0, 35.9, 36.4, 34.9, 35.9, 35.6, 35.7,
        35.9, 36.3, 36.3, 35.1, 34.6, 34.5
      ],
      "loss": [
        10.110562324523926, 10.294938087463379, 10.783547401428223,
        11.104316711425781, 10.542701721191406, 10.825939178466797,
        10.94287395477295, 10.948332786560059, 10.813389778137207,
        10.846346855163574, 10.992201805114746, 10.89379596710205,
        11.24853515625, 11.13952350616455, 11.320423126220703,
        11.574990272521973, 11.665894508361816, 11.175171852111816,
        10.811863899230957, 10.987510681152344, 10.863459587097168,
        11.106691360473633, 10.957056045532227, 11.154376983642578,
        11.04880428314209, 11.06689739227295, 11.07604694366455,
        11.145454406738281, 10.629494667053223, 10.847532272338867,
        10.864248275756836, 10.85509967803955, 10.977630615234375,
        10.982280731201172, 10.942781448364258, 11.286752700805664,
        11.308926582336426, 11.059930801391602, 11.024113655090332,
        10.577454566955566, 10.761285781860352, 10.764240264892578,
        10.759825706481934, 10.736737251281738, 10.741317749023438,
        10.824148178100586, 10.962983131408691, 10.888299942016602,
        10.907027244567871, 11.062690734863281, 10.933252334594727,
        10.88581657409668, 10.742148399353027, 10.808073997497559,
        10.88283634185791, 11.028486251831055, 10.686738967895508,
        10.573344230651855, 10.71794605255127, 10.745147705078125,
        10.66641902923584, 10.242822647094727, 10.372953414916992,
        10.3838529586792, 10.313688278198242, 9.838529586791992,
        9.701622009277344, 9.841774940490723, 9.869463920593262,
        9.907346725463867, 9.496870994567871, 9.592326164245605,
        9.67699146270752, 9.69478988647461, 9.685125350952148, 9.8246431350708,
        9.78185749053955, 9.723933219909668, 9.311708450317383,
        9.398225784301758, 9.320731163024902, 9.428389549255371,
        9.510751724243164, 9.562499046325684, 9.608107566833496,
        9.489023208618164, 9.506048202514648, 9.49683666229248,
        9.542470932006836, 9.638530731201172, 9.692313194274902,
        9.40974235534668, 9.420587539672852, 9.542525291442871,
        9.290735244750977, 9.2463960647583, 9.430781364440918,
        9.329851150512695, 9.448827743530273, 9.444710731506348,
        9.382198333740234, 9.465694427490234, 9.516863822937012,
        9.09372329711914, 9.135918617248535, 9.225001335144043,
        9.14684772491455, 9.172506332397461, 9.194925308227539,
        9.312264442443848, 9.333240509033203, 9.362395286560059,
        9.520491600036621, 9.401129722595215, 9.513166427612305,
        9.338419914245605, 9.466839790344238, 9.499611854553223,
        9.189019203186035, 9.138089179992676, 9.171481132507324,
        9.217757225036621, 9.221050262451172, 9.275054931640625,
        9.308980941772461, 9.229305267333984, 9.364563941955566,
        9.310173034667969, 9.426351547241211, 9.468979835510254,
        9.392831802368164, 9.250168800354004, 9.354606628417969,
        9.400285720825195, 9.202103614807129, 9.120119094848633,
        9.222694396972656, 9.210268020629883, 9.130416870117188,
        9.245402336120605, 9.27647590637207, 9.207757949829102,
        9.05196475982666, 9.020197868347168, 8.954320907592773,
        9.00122356414795, 8.942813873291016, 9.053730010986328,
        9.182666778564453, 9.143632888793945, 9.17685317993164,
        9.175557136535645, 9.104589462280273, 9.171844482421875,
        9.187752723693848, 9.2522554397583, 9.176789283752441,
        9.069536209106445, 9.028844833374023, 9.153247833251953,
        9.096861839294434, 8.714330673217773, 8.749038696289062,
        8.776422500610352, 8.875532150268555, 8.953700065612793,
        8.706659317016602, 8.76508617401123, 8.744800567626953,
        8.73194694519043, 8.533452033996582, 8.59952449798584,
        8.481793403625488, 8.494034767150879, 8.540274620056152,
        8.478516578674316, 8.509729385375977, 8.198534965515137,
        8.25537395477295, 8.319877624511719, 8.346983909606934,
        8.172728538513184, 8.186735153198242, 8.14309024810791,
        8.190624237060547, 8.221623420715332, 8.196440696716309,
        8.207050323486328, 8.252697944641113, 8.279953002929688,
        8.276956558227539, 8.190044403076172, 8.142775535583496,
        8.238356590270996, 8.187765121459961, 8.163749694824219,
        8.182147026062012, 8.15981674194336, 8.119903564453125,
        8.121650695800781, 7.841724872589111, 7.69531774520874,
        7.699908256530762, 7.780520439147949, 7.794948101043701,
        7.693607807159424, 7.729578495025635, 7.763603210449219,
        7.743403434753418, 7.777695655822754, 7.848227500915527,
        7.761300086975098, 7.833961009979248, 7.692444801330566,
        7.7071146965026855, 7.705799579620361, 7.70483922958374,
        7.4242448806762695, 7.612000942230225, 7.610705375671387,
        7.6554484367370605, 7.5421271324157715, 7.6000776290893555,
        7.606648921966553, 7.5237016677856445, 7.474569320678711,
        7.368769645690918, 7.3996453285217285, 7.397650718688965,
        7.465961456298828, 7.48572301864624, 7.447237968444824,
        7.539066791534424, 7.6259918212890625, 7.28550386428833,
        7.325258255004883, 7.171820640563965, 7.205751895904541,
        7.191841125488281, 7.178009510040283, 7.2124924659729,
        7.244530200958252, 7.259573459625244, 6.98024320602417,
        7.0099053382873535, 7.183379650115967, 7.125168323516846,
        7.082036972045898, 7.090843200683594, 7.202273845672607,
        7.193324089050293, 7.201222896575928, 7.202472686767578,
        7.194565773010254, 7.123344421386719, 7.145466327667236,
        7.177929878234863, 7.155290126800537, 7.145933151245117,
        7.273831844329834, 7.165855407714844, 7.145745277404785,
        7.156080722808838, 7.297143459320068, 7.23865270614624,
        7.178595542907715, 7.183487892150879, 7.256442070007324,
        7.219769477844238, 7.206488609313965, 7.2914533615112305,
        7.24658727645874, 6.978161811828613, 7.036026477813721,
        7.213934898376465, 7.150933265686035, 7.013938903808594,
        7.02804708480835, 7.019761562347412, 7.026375770568848,
        7.047017574310303, 6.767513751983643, 7.057439804077148,
        6.609526634216309, 6.665173053741455, 6.815975189208984,
        6.6970930099487305, 6.649322986602783, 6.311347961425781,
        6.361047267913818, 6.4122443199157715, 6.452486515045166,
        6.598782062530518, 6.4889373779296875, 6.537576198577881,
        6.38442325592041, 6.389875888824463, 6.399285316467285,
        6.122579097747803, 6.1974005699157715, 6.196709632873535,
        6.273742198944092, 6.2503509521484375, 6.21797513961792,
        6.084715366363525, 6.269740104675293, 6.257784366607666,
        6.1673078536987305, 6.139286994934082, 5.91659688949585,
        5.9481916427612305, 5.96820592880249, 5.986093044281006,
        5.975292682647705, 6.003530502319336, 5.959372520446777,
        5.99962854385376, 6.066864490509033, 6.032533168792725,
        6.012848377227783, 5.9618821144104, 6.018021583557129,
        5.698551177978516, 5.770931720733643, 5.754831790924072,
        5.805928707122803, 5.84153938293457, 5.9340500831604, 5.928028106689453,
        5.824853420257568, 5.781014442443848, 5.666355609893799,
        5.646229267120361, 5.675967693328857, 5.725162506103516,
        5.740859031677246, 5.805960655212402, 5.791386604309082,
        5.766380786895752, 5.724325180053711, 5.588572978973389,
        5.553380012512207, 5.51413106918335, 5.4921345710754395,
        5.606522083282471, 5.52610969543457, 5.571708679199219,
        5.606813907623291, 5.664385795593262, 5.640596866607666,
        5.746488571166992, 5.737196445465088, 5.603979587554932,
        5.626047134399414, 5.66090202331543, 5.756863117218018,
        5.712733745574951, 5.630229949951172, 5.63582181930542,
        5.639843940734863, 5.972552299499512, 5.774552822113037,
        5.781583309173584, 5.793263912200928, 5.826324939727783,
        5.738954067230225, 5.782944202423096, 5.759300231933594,
        5.814259052276611, 5.785090446472168, 5.834997653961182,
        5.7591423988342285, 5.8102803230285645, 5.7566657066345215,
        5.786054611206055, 5.797333717346191, 5.885282039642334,
        5.820917129516602, 5.847221374511719, 5.880560398101807,
        5.84010124206543, 5.976443767547607, 5.883063793182373,
        5.898343563079834, 5.985568523406982, 6.0059123039245605,
        5.933523654937744, 5.955694198608398, 6.073642730712891,
        6.006494522094727, 5.985607147216797
      ]
    }
  },
  {
    "RBS_3100_HL5": {
      "acc": [
        11.8, 11.2, 9.1, 8.1, 10.0, 9.8, 11.9, 11.7, 10.8, 11.1, 10.5, 11.0,
        11.5, 11.0, 10.8, 11.1, 10.9, 12.1, 12.4, 11.6, 12.2, 11.6, 13.0, 12.8,
        13.2, 12.6, 13.1, 12.0, 14.4, 13.7, 13.8, 13.5, 12.6, 13.7, 14.5, 13.9,
        14.0, 14.3, 14.3, 14.1, 14.1, 14.9, 15.1, 14.6, 15.2, 14.8, 15.5, 15.9,
        15.6, 15.8, 16.2, 15.9, 16.9, 16.9, 16.9, 16.3, 16.9, 16.5, 15.6, 15.9,
        16.4, 16.5, 16.9, 18.1, 18.3, 18.7, 18.1, 17.5, 18.5, 18.5, 18.4, 18.3,
        17.6, 17.1, 19.0, 18.8, 18.4, 20.1, 19.7, 18.9, 19.7, 18.9, 20.3, 19.8,
        20.4, 20.3, 19.5, 20.8, 20.1, 19.9, 19.7, 21.3, 21.4, 20.7, 22.5, 22.2,
        21.0, 22.1, 22.3, 22.1, 21.7, 21.7, 22.0, 21.8, 21.7, 22.6, 22.9, 22.2,
        23.7, 23.5, 22.9, 23.5, 23.4, 24.0, 23.3, 24.3, 24.6, 24.5, 24.5, 24.3,
        24.4, 23.6, 24.2, 23.8, 23.9, 25.0, 24.2, 24.0, 23.7, 23.3, 24.7, 24.3,
        26.0, 24.7, 26.5, 25.5, 24.7, 25.4, 26.4, 25.9, 26.4, 26.5, 27.0, 27.1,
        26.2, 26.9, 26.9, 26.3, 26.4, 26.8, 27.2, 26.4, 27.3, 26.9, 26.6, 27.1,
        28.2, 28.4, 28.7, 28.0, 28.6, 28.5, 29.0, 28.7, 28.8, 29.0, 29.6, 29.6,
        29.5, 29.1, 30.6, 29.6, 30.0, 29.5, 29.9, 30.5, 30.5, 31.0, 30.2, 28.9,
        28.9, 28.3, 29.3, 29.9, 29.9, 30.9, 30.7, 30.9, 30.2, 30.7, 30.8, 31.9,
        31.6, 30.2, 32.0, 32.3, 30.8, 32.1, 33.6, 33.3, 33.9, 33.3, 33.2, 32.6,
        32.9, 33.7, 32.4, 32.0, 33.3, 32.6, 31.8, 33.1, 32.5, 33.4, 33.3, 33.8,
        34.1, 35.3, 33.1, 34.9, 32.6, 34.4, 34.3, 34.7, 35.0, 36.2, 35.1, 34.7,
        35.6, 33.9, 34.0, 34.1, 32.9, 32.8, 33.4, 33.3, 35.6, 34.4, 34.6, 36.2,
        34.8, 35.1, 34.0, 35.3, 35.0, 32.9, 33.7, 34.5, 35.0, 34.1, 32.9, 33.9,
        36.6, 35.8, 36.8, 35.3, 35.7, 35.4, 34.9, 34.5, 35.6, 35.3, 35.0, 35.0,
        37.3, 37.1, 36.8, 37.5, 36.6, 35.4, 37.0, 36.9, 37.0, 35.4, 35.8, 34.9,
        35.9, 36.4, 35.7, 35.9, 35.5, 36.2, 34.6, 36.6, 35.9, 34.1, 36.1, 35.5,
        38.3, 36.4, 36.2, 36.4, 35.8, 36.5, 35.7, 36.6, 37.2, 37.3, 39.2, 38.6,
        37.8, 37.7, 37.1, 37.9, 40.1, 37.7, 38.9, 39.0, 39.5, 37.6, 39.2, 38.5,
        38.1, 38.3, 38.1, 38.2, 37.7, 36.5, 37.5, 38.4, 39.5, 38.3, 40.4, 40.1,
        40.7, 39.9, 39.8, 39.0, 38.5, 40.2, 39.6, 40.4, 40.3, 40.2, 38.4, 38.3,
        37.3, 38.6, 38.6, 38.3, 43.7, 41.1, 40.0, 41.0, 42.9, 41.9, 41.7, 40.2,
        41.6, 41.6, 39.7, 40.9, 40.5, 40.2, 39.8, 41.5, 40.2, 40.2, 39.3, 40.3,
        38.2, 39.7, 39.0, 38.0, 39.7, 39.4, 38.3, 38.2, 39.2, 39.5, 39.7, 39.0,
        36.9, 38.0, 37.5, 38.2, 37.0, 38.0, 38.5, 39.2, 39.2, 37.0, 37.8, 37.5,
        38.4, 38.6, 40.0, 39.9, 39.3, 38.8, 37.7
      ],
      "loss": [
        10.288864135742188, 10.597850799560547, 11.092438697814941,
        11.463635444641113, 11.0598783493042, 11.209735870361328,
        10.67359447479248, 10.917165756225586, 11.0771484375,
        11.187234878540039, 11.540750503540039, 11.448149681091309,
        11.499664306640625, 11.554487228393555, 11.713981628417969,
        11.766931533813477, 12.05506706237793, 10.906693458557129,
        10.803526878356934, 10.996864318847656, 11.033066749572754,
        11.161760330200195, 10.858160972595215, 11.174308776855469,
        11.108057975769043, 11.251025199890137, 11.247682571411133,
        11.279133796691895, 10.360652923583984, 10.589757919311523,
        10.554825782775879, 10.612761497497559, 10.770264625549316,
        10.68236255645752, 10.706634521484375, 10.954842567443848,
        11.038570404052734, 10.871996879577637, 10.858651161193848,
        10.849323272705078, 11.039467811584473, 10.733388900756836,
        10.949650764465332, 10.979621887207031, 10.979487419128418,
        11.00070858001709, 10.787999153137207, 10.723325729370117,
        10.740077018737793, 10.822027206420898, 10.706707000732422,
        10.735334396362305, 10.600255966186523, 10.694056510925293,
        10.817902565002441, 10.982298851013184, 10.056718826293945,
        9.662466049194336, 9.880838394165039, 9.903860092163086,
        9.826302528381348, 9.565385818481445, 9.698930740356445,
        9.507159233093262, 9.493684768676758, 9.121326446533203,
        9.08018684387207, 9.331300735473633, 9.2027587890625, 9.215546607971191,
        8.782694816589355, 8.894882202148438, 9.140731811523438,
        9.188220977783203, 9.002199172973633, 9.182024002075195,
        9.227063179016113, 9.154327392578125, 8.948301315307617,
        9.115768432617188, 9.01235580444336, 9.05151653289795, 8.94503116607666,
        9.124672889709473, 9.197746276855469, 9.261247634887695,
        9.342623710632324, 9.209970474243164, 9.467042922973633,
        9.536176681518555, 9.57362174987793, 9.209386825561523,
        9.161737442016602, 9.314322471618652, 9.178318977355957,
        9.259700775146484, 9.431599617004395, 9.342171669006348,
        9.39332103729248, 9.479585647583008, 9.379236221313477,
        9.503978729248047, 9.585100173950195, 9.382272720336914,
        9.284255981445312, 9.22994327545166, 9.082880973815918,
        9.079474449157715, 9.050444602966309, 9.14665699005127,
        9.281083106994629, 9.199728012084961, 9.301203727722168,
        9.221677780151367, 9.396162986755371, 9.318643569946289,
        9.342491149902344, 9.314290046691895, 9.214282035827637,
        9.133005142211914, 9.133691787719727, 9.242546081542969,
        9.267949104309082, 9.235812187194824, 9.334433555603027,
        9.335806846618652, 9.449058532714844, 9.417584419250488,
        9.544781684875488, 9.598735809326172, 9.425715446472168,
        9.438905715942383, 9.368800163269043, 9.486455917358398,
        9.140785217285156, 9.232806205749512, 9.22573471069336,
        9.311026573181152, 9.174787521362305, 9.305074691772461,
        9.323955535888672, 9.35078239440918, 9.038837432861328,
        9.063592910766602, 9.073348045349121, 8.965839385986328,
        8.889122009277344, 9.0018949508667, 9.013413429260254,
        8.977450370788574, 8.964632034301758, 9.073737144470215,
        9.046527862548828, 9.107471466064453, 9.091899871826172,
        9.089174270629883, 9.085618019104004, 9.079530715942383,
        8.95362377166748, 9.003690719604492, 9.039539337158203,
        8.75098991394043, 8.691688537597656, 8.779789924621582,
        8.903100967407227, 8.936798095703125, 8.678125381469727,
        8.696751594543457, 8.796830177307129, 8.812787055969238,
        8.431461334228516, 8.497654914855957, 8.454599380493164,
        8.493539810180664, 8.48886489868164, 8.412825584411621,
        8.358911514282227, 8.057055473327637, 8.025732040405273,
        8.119329452514648, 8.187500953674316, 8.128382682800293,
        8.043073654174805, 7.940234661102295, 8.02610969543457, 8.0135498046875,
        7.977822780609131, 7.986461162567139, 8.051787376403809,
        8.028425216674805, 8.034056663513184, 8.023635864257812,
        8.111279487609863, 8.250175476074219, 8.139554023742676,
        8.076586723327637, 8.190235137939453, 8.148276329040527,
        8.071840286254883, 8.071330070495605, 7.729058265686035,
        7.525879383087158, 7.5174479484558105, 7.559512615203857,
        7.567317008972168, 7.509301662445068, 7.543461799621582,
        7.593593597412109, 7.563026428222656, 7.638232231140137,
        7.6380109786987305, 7.596706390380859, 7.628410339355469,
        7.570652008056641, 7.60694694519043, 7.637121677398682,
        7.644533157348633, 7.335519790649414, 7.457686901092529,
        7.486789226531982, 7.530269622802734, 7.411711692810059,
        7.470354080200195, 7.498259544372559, 7.458313941955566,
        7.381154537200928, 7.366091728210449, 7.421894073486328,
        7.361499309539795, 7.38129186630249, 7.396773338317871,
        7.406617164611816, 7.577399730682373, 7.597823143005371,
        7.484677314758301, 7.466031551361084, 7.1637187004089355,
        7.253397464752197, 7.255618095397949, 7.177384376525879,
        7.213082790374756, 7.268012523651123, 7.232016563415527,
        7.096511363983154, 7.116995334625244, 7.306312561035156,
        7.271521091461182, 7.264437198638916, 7.250117301940918,
        7.298834323883057, 7.319157600402832, 7.271672248840332,
        7.197632312774658, 7.208438396453857, 7.155340671539307,
        7.2611799240112305, 7.042814254760742, 7.065817356109619,
        7.061400890350342, 7.09757137298584, 7.085697174072266,
        7.085089683532715, 7.079701900482178, 7.115744113922119,
        7.022613048553467, 7.036725997924805, 7.052797317504883,
        7.040713787078857, 7.101399898529053, 7.183399677276611,
        7.124810218811035, 7.1876444816589355, 6.863577365875244,
        6.925601482391357, 6.9612836837768555, 6.970357418060303,
        6.893365859985352, 6.856863021850586, 6.896106719970703,
        6.902500152587891, 6.930645942687988, 6.804276943206787,
        6.925873756408691, 6.627980709075928, 6.686875343322754,
        6.7886962890625, 6.699469089508057, 6.672745704650879,
        6.288514614105225, 6.459020137786865, 6.445059776306152,
        6.466973781585693, 6.486758708953857, 6.4524054527282715,
        6.60054874420166, 6.451979637145996, 6.440047264099121,
        6.451866149902344, 6.079238414764404, 6.158902168273926,
        6.215597152709961, 6.2323784828186035, 6.194154262542725,
        6.137814044952393, 5.8751044273376465, 6.0557708740234375,
        6.010532379150391, 5.992889404296875, 5.985777854919434,
        6.035919666290283, 5.9059271812438965, 5.914585113525391,
        5.955496788024902, 5.902207374572754, 5.935507297515869,
        5.891996383666992, 5.968528747558594, 6.012711524963379,
        5.9893903732299805, 5.965345859527588, 5.920063495635986,
        5.954610824584961, 5.682488918304443, 5.715824604034424,
        5.670365333557129, 5.720461368560791, 5.7415242195129395,
        5.763277530670166, 5.80308198928833, 5.700076580047607,
        5.652301788330078, 5.535589218139648, 5.572610855102539,
        5.546124458312988, 5.72018575668335, 5.715445518493652,
        5.800246238708496, 5.734334468841553, 5.716559886932373,
        5.723364353179932, 5.221927165985107, 5.271572113037109,
        5.367771148681641, 5.324112415313721, 5.273313522338867,
        5.293763160705566, 5.354421138763428, 5.4155802726745605,
        5.3676276206970215, 5.382777214050293, 5.445459365844727,
        5.387668609619141, 5.331096172332764, 5.398934364318848,
        5.390371799468994, 5.361538887023926, 5.38719367980957,
        5.406444072723389, 5.450675964355469, 5.444254398345947,
        5.613626480102539, 5.491150379180908, 5.528897762298584,
        5.591537952423096, 5.538151741027832, 5.488279342651367,
        5.569555282592773, 5.547601699829102, 5.479805946350098,
        5.513598442077637, 5.535848617553711, 5.568846225738525,
        5.613795280456543, 5.543160915374756, 5.574761867523193,
        5.568696022033691, 5.577714443206787, 5.589152812957764,
        5.580193042755127, 5.519405364990234, 5.544605731964111,
        5.656141757965088, 5.64329719543457, 5.6723527908325195,
        5.710346698760986, 5.638152599334717, 5.5565505027771,
        5.603034973144531, 5.674245357513428, 5.711009502410889,
        5.710201263427734
      ]
    }
  }
  ]