[
      {
    "RBS_20000": {
      "acc": [
        12.2, 11.4, 10.8, 10.3, 11.2, 10.8, 11.7, 11.6, 12.1, 12.2, 11.9, 11.9,
        12.4, 12.8, 12.9, 12.9, 12.9, 13.4, 13.7, 14.0, 14.6, 14.9, 15.4, 15.6,
        15.6, 15.9, 15.9, 15.8, 16.4, 16.5, 17.0, 17.3, 17.5, 17.8, 17.8, 18.0,
        18.1, 18.1, 18.1, 18.5, 18.5, 18.7, 18.6, 18.9, 18.9, 19.2, 19.4, 19.5,
        19.6, 19.6, 19.5, 19.6, 19.8, 19.8, 19.9, 20.0, 20.5, 20.7, 20.9, 21.1,
        21.4, 20.9, 21.6, 21.7, 21.9, 22.1, 22.3, 22.5, 23.0, 22.6, 22.8, 22.9,
        22.8, 22.7, 22.7, 23.2, 23.1, 23.7, 23.8, 23.7, 24.4, 24.5, 24.3, 24.3,
        24.7, 25.3, 25.2, 25.5, 25.6, 25.8, 25.6, 26.0, 25.9, 25.9, 26.0, 26.5,
        26.4, 26.5, 26.8, 27.2, 27.1, 27.1, 27.1, 27.7, 27.5, 27.6, 28.1, 28.0,
        28.5, 28.7, 28.8, 29.0, 28.9, 29.2, 29.3, 29.3, 29.7, 29.6, 29.6, 29.4,
        29.7, 30.0, 29.9, 30.1, 30.2, 30.3, 30.4, 30.5, 30.6, 30.4, 30.7, 31.2,
        31.3, 31.3, 31.3, 31.6, 31.5, 31.8, 31.8, 32.0, 32.4, 32.5, 32.7, 33.1,
        33.3, 33.4, 33.1, 33.8, 33.5, 33.0, 32.9, 33.3, 33.7, 33.9, 33.9, 33.8,
        33.9, 34.0, 34.0, 34.0, 34.2, 34.4, 34.9, 35.1, 35.7, 35.8, 36.1, 36.0,
        36.1, 36.4, 36.1, 36.5, 36.7, 36.9, 37.6, 37.5, 37.3, 37.6, 37.9, 38.1,
        38.3, 38.2, 38.6, 38.2, 38.3, 38.6, 38.7, 39.0, 39.1, 39.1, 39.4, 39.8,
        39.9, 39.4, 39.7, 40.0, 40.6, 40.5, 40.9, 41.1, 41.8, 41.3, 40.9, 40.9,
        40.5, 40.5, 41.0, 40.6, 40.7, 40.8, 41.0, 41.2, 41.5, 41.7, 42.2, 42.2,
        42.4, 42.3, 42.4, 42.5, 42.3, 43.2, 43.3, 43.7, 43.6, 44.2, 43.9, 43.4,
        43.5, 43.6, 43.1, 43.4, 43.7, 43.5, 44.1, 44.0, 43.7, 43.9, 44.2, 44.3,
        44.3, 44.0, 44.3, 44.2, 45.0, 44.7, 44.8, 44.9, 44.8, 44.7, 44.9, 44.7,
        44.5, 44.6, 45.4, 45.5, 46.2, 46.3, 45.9, 45.7, 45.8, 45.6, 45.9, 45.7,
        46.0, 46.3, 46.5, 46.6, 46.6, 47.0, 46.8, 47.0, 47.0, 46.9, 46.5, 46.9,
        46.9, 47.1, 47.2, 47.0, 47.3, 48.0, 48.3, 47.6, 47.7, 47.4, 47.2, 47.1,
        48.1, 48.3, 49.1, 49.5, 49.4, 49.4, 49.3, 49.2, 49.4, 49.8, 50.6, 50.8,
        50.6, 50.4, 51.0, 50.9, 50.9, 51.0, 50.6, 51.2, 51.4, 50.5, 51.0, 51.1,
        51.5, 51.6, 51.9, 52.1, 52.3, 52.4, 53.0, 52.9, 52.7, 52.7, 52.8, 53.1,
        53.5, 53.5, 53.2, 53.8, 52.8, 53.0, 52.9, 53.3, 53.3, 53.6, 53.2, 53.3,
        53.2, 53.3, 53.0, 52.6, 53.4, 53.9, 53.5, 53.4, 53.9, 53.9, 53.9, 54.0,
        54.2, 54.6, 54.5, 54.3, 55.4, 55.7, 55.6, 55.4, 55.5, 55.4, 55.2, 55.3,
        54.6, 53.8, 53.3, 52.8, 52.6, 53.1, 52.8, 52.6, 52.9, 52.8, 52.9, 53.4,
        53.3, 53.3, 53.1, 53.1, 53.1, 53.1, 52.8, 52.6, 52.7, 52.6, 52.9, 53.0,
        52.9, 53.1, 53.8, 53.8, 53.7, 53.3, 53.5
      ],
      "loss": [
        10.258034706115723, 10.375850677490234, 10.578720092773438,
        10.770855903625488, 10.628915786743164, 10.704243659973145,
        10.580814361572266, 10.632495880126953, 10.583706855773926,
        10.717209815979004, 10.830716133117676, 10.845041275024414,
        10.97990608215332, 11.018226623535156, 11.099634170532227,
        11.159568786621094, 11.204642295837402, 10.630023002624512,
        10.636685371398926, 10.701237678527832, 10.697205543518066,
        10.772643089294434, 10.78355598449707, 10.877265930175781,
        10.924991607666016, 10.942659378051758, 10.96574592590332,
        11.024715423583984, 10.53101634979248, 10.574690818786621,
        10.641408920288086, 10.665887832641602, 10.773441314697266,
        10.831808090209961, 10.87702465057373, 11.011160850524902,
        11.149101257324219, 11.180584907531738, 11.25072193145752,
        11.11759090423584, 11.212929725646973, 11.15463924407959,
        11.201959609985352, 11.236109733581543, 11.264450073242188,
        11.256513595581055, 11.277436256408691, 11.309657096862793,
        11.320006370544434, 11.355320930480957, 11.396214485168457,
        11.398475646972656, 11.416175842285156, 11.428263664245605,
        11.45906925201416, 11.467747688293457, 10.711395263671875,
        10.55770492553711, 10.608267784118652, 10.678244590759277,
        10.745223045349121, 10.28421401977539, 10.290270805358887,
        10.28011703491211, 10.314635276794434, 10.240094184875488,
        10.117871284484863, 10.146355628967285, 10.170392990112305,
        10.219155311584473, 10.147462844848633, 10.174392700195312,
        10.192113876342773, 10.22402572631836, 10.260611534118652,
        10.332927703857422, 10.369820594787598, 10.355554580688477,
        9.780668258666992, 9.820125579833984, 9.842964172363281,
        9.859379768371582, 9.849239349365234, 9.893078804016113,
        9.872533798217773, 9.882513999938965, 9.924729347229004,
        10.000409126281738, 10.032026290893555, 10.074484825134277,
        10.132776260375977, 9.905953407287598, 9.918158531188965,
        9.946833610534668, 9.950807571411133, 9.891470909118652,
        9.955331802368164, 9.961333274841309, 9.95553207397461,
        9.985074996948242, 9.996134757995605, 10.029905319213867,
        10.059679985046387, 9.275694847106934, 9.2273588180542, 9.2586030960083,
        9.254819869995117, 9.28803825378418, 9.3260498046875, 9.328819274902344,
        9.358744621276855, 9.300948143005371, 9.307798385620117,
        9.345189094543457, 9.392539024353027, 9.38830852508545,
        9.401375770568848, 9.419933319091797, 9.09381103515625,
        9.095643043518066, 9.13950252532959, 9.168606758117676,
        9.170222282409668, 9.176812171936035, 9.186135292053223,
        9.197892189025879, 9.220213890075684, 9.242508888244629,
        9.250054359436035, 9.266804695129395, 9.270350456237793,
        9.146896362304688, 9.124844551086426, 9.129264831542969,
        8.894526481628418, 8.873567581176758, 8.891197204589844,
        8.919992446899414, 8.93923282623291, 8.950272560119629,
        8.969061851501465, 8.992293357849121, 8.915204048156738,
        8.888501167297363, 8.846675872802734, 8.78404426574707,
        8.772525787353516, 8.773067474365234, 8.816560745239258,
        8.83338737487793, 8.844058990478516, 8.851806640625, 8.85378646850586,
        8.858823776245117, 8.862051010131836, 8.880488395690918,
        8.908182144165039, 8.893434524536133, 8.863765716552734,
        8.866893768310547, 8.87509536743164, 8.745299339294434,
        8.737464904785156, 8.750041007995605, 8.691377639770508,
        8.708038330078125, 8.63564682006836, 8.633210182189941,
        8.62557315826416, 8.619056701660156, 8.416596412658691,
        8.409123420715332, 8.233891487121582, 8.233808517456055,
        8.242374420166016, 8.251520156860352, 8.253966331481934,
        8.161625862121582, 8.02487564086914, 8.021556854248047,
        8.02627182006836, 7.95668363571167, 7.936561107635498,
        7.912142276763916, 7.907719612121582, 7.916375160217285,
        7.921189785003662, 7.9258575439453125, 7.929023265838623,
        7.948319911956787, 7.942216396331787, 7.930872917175293,
        7.910965442657471, 7.912960529327393, 7.888506889343262,
        7.8869829177856445, 7.871800899505615, 7.867005348205566,
        7.853407859802246, 7.859386920928955, 7.435354232788086,
        7.253424167633057, 7.260735511779785, 7.268243789672852,
        7.28457498550415, 7.292960166931152, 7.293534755706787,
        7.304574489593506, 7.295701503753662, 7.293835639953613,
        7.299989223480225, 7.288457870483398, 7.238621234893799,
        7.2232255935668945, 7.213995933532715, 7.219422817230225,
        7.221841335296631, 7.110926151275635, 7.079915523529053,
        7.0903849601745605, 7.07019567489624, 7.060459136962891,
        7.052237510681152, 7.070066928863525, 7.066305637359619,
        7.054884433746338, 6.8214497566223145, 6.769707679748535,
        6.761106014251709, 6.770280838012695, 6.797250270843506,
        6.796506404876709, 6.789242267608643, 6.798748016357422,
        6.629965782165527, 6.617805004119873, 6.491160869598389,
        6.484212875366211, 6.474947929382324, 6.453202724456787,
        6.447840690612793, 6.4765448570251465, 6.446621894836426,
        6.340341567993164, 6.321539402008057, 6.3161420822143555,
        6.315046787261963, 6.311130523681641, 6.343434810638428,
        6.333516597747803, 6.341274738311768, 6.343232154846191,
        6.362274169921875, 6.358944892883301, 6.334775447845459,
        6.321864604949951, 6.151767253875732, 6.15144681930542,
        6.177947998046875, 6.177741050720215, 6.166179180145264,
        6.151078224182129, 6.15513801574707, 6.159692287445068,
        6.156126499176025, 6.139577865600586, 6.130988121032715,
        6.12705659866333, 6.120820999145508, 6.12103796005249,
        6.1185126304626465, 6.111830711364746, 5.975400447845459,
        5.9315361976623535, 5.947987079620361, 5.943906784057617,
        5.929358005523682, 5.917675495147705, 5.916767597198486,
        5.927755355834961, 5.919820785522461, 5.698750019073486,
        5.685541152954102, 5.467319011688232, 5.453042507171631,
        5.470938682556152, 5.466670989990234, 5.449640274047852,
        5.288635730743408, 5.286675930023193, 5.274713039398193,
        5.265083312988281, 5.271278381347656, 5.277083873748779,
        5.288538932800293, 5.289488315582275, 5.27950382232666,
        5.274628162384033, 4.88399600982666, 4.862818717956543,
        4.866366386413574, 4.867259979248047, 4.856492042541504,
        4.856769561767578, 4.704286575317383, 4.693220615386963,
        4.696183204650879, 4.686007976531982, 4.694690227508545,
        4.484643459320068, 4.455041885375977, 4.449129581451416,
        4.437060832977295, 4.437524318695068, 4.427606582641602,
        4.433737277984619, 4.414410591125488, 4.399561405181885,
        4.396356105804443, 4.4024977684021, 4.404794692993164,
        4.409128189086914, 4.188899517059326, 4.171276092529297,
        4.167770862579346, 4.168903827667236, 4.16929292678833,
        4.170642852783203, 4.190497398376465, 4.189524173736572,
        4.181026935577393, 3.9908053874969482, 3.966505527496338,
        3.9622550010681152, 3.9794371128082275, 3.9867875576019287,
        3.9921669960021973, 4.00570011138916, 4.017909049987793,
        4.013666152954102, 3.897090196609497, 3.8822288513183594,
        3.874746799468994, 3.8649160861968994, 3.858185291290283,
        3.854036808013916, 3.850748300552368, 3.852914333343506,
        3.847579002380371, 3.8367764949798584, 3.8384532928466797,
        3.8428807258605957, 3.803459882736206, 3.7935798168182373,
        3.7984139919281006, 3.8062801361083984, 3.805588483810425,
        3.798720121383667, 3.796870708465576, 3.802826404571533,
        3.8189642429351807, 3.8322200775146484, 3.843186855316162,
        3.864274740219116, 3.869810104370117, 3.8600094318389893,
        3.857414484024048, 3.8538308143615723, 3.848550796508789,
        3.8394899368286133, 3.8374571800231934, 3.832749366760254,
        3.833343505859375, 3.819248676300049, 3.8195464611053467,
        3.820051908493042, 3.825511932373047, 3.827735185623169,
        3.825101613998413, 3.830655574798584, 3.8192038536071777,
        3.8203563690185547, 3.8148820400238037, 3.8211193084716797,
        3.836214542388916, 3.8428099155426025, 3.812822103500366,
        3.8047709465026855, 3.8094165325164795, 3.819671154022217,
        3.8121488094329834
      ]
    }
  },
  {
    "RBS_20000_HL1": {
      "acc": [
        12.8, 11.2, 10.4, 9.4, 10.7, 10.6, 11.0, 11.2, 11.9, 12.0, 11.8, 11.9,
        12.5, 12.5, 12.4, 12.5, 12.8, 13.3, 14.3, 14.4, 14.8, 15.1, 15.2, 15.3,
        15.3, 15.6, 15.9, 16.1, 16.2, 16.5, 16.8, 17.0, 16.9, 17.6, 17.4, 17.6,
        17.5, 17.8, 17.8, 18.3, 18.5, 19.0, 18.8, 19.0, 19.0, 19.1, 19.2, 19.3,
        19.4, 19.5, 19.7, 19.8, 20.0, 20.0, 20.1, 20.1, 20.0, 20.8, 20.7, 21.1,
        21.2, 21.4, 21.5, 22.1, 22.2, 22.4, 22.5, 22.6, 23.2, 23.1, 23.0, 23.1,
        23.3, 23.1, 23.3, 23.3, 23.5, 24.1, 23.9, 24.1, 24.7, 24.4, 24.4, 24.6,
        25.1, 25.5, 25.8, 25.8, 25.6, 25.5, 25.3, 25.2, 25.3, 25.4, 25.4, 26.2,
        26.5, 26.5, 26.5, 26.7, 27.0, 26.9, 27.0, 26.6, 27.0, 27.0, 27.1, 27.3,
        27.3, 27.4, 27.4, 28.3, 28.5, 28.6, 28.8, 28.8, 28.8, 28.9, 29.1, 28.9,
        29.4, 29.3, 29.6, 29.7, 30.1, 30.4, 30.1, 30.3, 30.2, 30.2, 30.5, 31.0,
        30.9, 31.1, 31.4, 31.5, 31.3, 31.3, 31.4, 31.4, 31.4, 31.5, 31.6, 32.0,
        32.5, 32.8, 32.8, 33.0, 32.7, 32.9, 32.5, 33.1, 32.9, 32.9, 33.0, 32.8,
        32.9, 33.2, 33.5, 33.4, 33.2, 33.1, 33.7, 34.1, 34.7, 34.7, 35.2, 35.2,
        35.4, 35.2, 34.9, 34.9, 35.0, 35.3, 36.2, 36.2, 36.3, 35.7, 36.4, 36.5,
        36.5, 37.0, 37.3, 37.8, 38.0, 37.9, 38.3, 38.6, 38.5, 38.3, 38.7, 39.1,
        39.3, 39.1, 39.3, 39.4, 40.1, 40.7, 40.6, 40.7, 41.0, 40.2, 40.8, 40.8,
        40.7, 40.7, 41.0, 41.0, 41.2, 41.5, 41.8, 41.6, 41.6, 41.9, 41.9, 42.1,
        42.1, 42.4, 42.7, 42.6, 42.8, 43.2, 43.5, 43.7, 43.9, 44.3, 43.8, 44.1,
        44.1, 44.3, 44.5, 44.2, 44.3, 44.1, 44.1, 44.3, 44.2, 44.4, 44.4, 43.9,
        44.5, 44.3, 44.5, 44.0, 44.3, 44.7, 44.9, 44.9, 44.8, 45.0, 44.9, 45.4,
        45.3, 45.4, 45.7, 45.7, 46.3, 46.3, 46.3, 46.2, 46.5, 46.7, 46.6, 46.6,
        46.7, 47.3, 47.4, 47.4, 47.6, 47.6, 47.9, 48.1, 48.2, 48.3, 48.6, 48.9,
        49.2, 49.1, 48.9, 49.0, 49.0, 48.7, 48.7, 48.2, 48.7, 48.2, 48.4, 48.6,
        48.5, 49.4, 49.3, 49.8, 49.6, 49.8, 49.3, 49.6, 50.0, 50.1, 50.5, 50.3,
        50.7, 50.9, 51.0, 51.3, 50.4, 50.2, 50.4, 50.4, 50.7, 52.4, 52.2, 53.0,
        52.9, 52.6, 52.3, 52.4, 53.0, 53.3, 53.2, 52.8, 52.7, 52.6, 52.4, 52.6,
        53.4, 53.3, 53.4, 52.9, 52.3, 51.7, 51.9, 51.9, 52.0, 52.4, 52.6, 52.6,
        52.6, 52.3, 52.1, 52.2, 52.6, 53.0, 53.0, 53.7, 53.8, 54.0, 53.9, 53.5,
        53.5, 53.6, 53.9, 53.5, 54.4, 54.5, 54.5, 54.2, 54.5, 54.2, 54.2, 54.2,
        53.4, 52.3, 51.6, 51.1, 51.1, 51.1, 50.5, 50.4, 50.5, 50.8, 51.2, 51.1,
        51.1, 51.3, 51.8, 51.5, 52.0, 51.8, 51.7, 51.0, 51.4, 51.2, 50.9, 51.4,
        51.8, 51.8, 52.2, 52.1, 52.7, 52.0, 52.0
      ],
      "loss": [
        9.492220878601074, 9.90551471710205, 10.131193161010742,
        10.436830520629883, 10.216464042663574, 10.305424690246582,
        10.217329978942871, 10.241259574890137, 10.118257522583008,
        10.147409439086914, 10.279204368591309, 10.314618110656738,
        10.356232643127441, 10.38450813293457, 10.455034255981445,
        10.534455299377441, 10.610040664672852, 10.065023422241211,
        10.085378646850586, 10.155157089233398, 10.141254425048828,
        10.219034194946289, 10.267436981201172, 10.331934928894043,
        10.385024070739746, 10.378172874450684, 10.399829864501953,
        10.446870803833008, 10.301798820495605, 10.357588768005371,
        10.3832368850708, 10.403825759887695, 10.460506439208984,
        10.516382217407227, 10.574295997619629, 10.641658782958984,
        10.750704765319824, 10.768268585205078, 10.836437225341797,
        10.560802459716797, 10.6363525390625, 10.548421859741211,
        10.61627197265625, 10.661999702453613, 10.694426536560059,
        10.686091423034668, 10.699909210205078, 10.718032836914062,
        10.751045227050781, 10.790068626403809, 10.826308250427246,
        10.832902908325195, 10.854507446289062, 10.884461402893066,
        10.917587280273438, 10.943034172058105, 10.447416305541992,
        10.139275550842285, 10.148051261901855, 10.17879867553711,
        10.24685287475586, 10.003181457519531, 10.026765823364258,
        9.980035781860352, 10.003877639770508, 9.891838073730469,
        9.695822715759277, 9.694551467895508, 9.672908782958984,
        9.687889099121094, 9.455522537231445, 9.462284088134766,
        9.496657371520996, 9.538067817687988, 9.564030647277832,
        9.612020492553711, 9.65392017364502, 9.645771026611328,
        9.082728385925293, 9.089993476867676, 9.095678329467773,
        9.125922203063965, 9.096660614013672, 9.1419038772583,
        9.160683631896973, 9.145780563354492, 9.159987449645996,
        9.197309494018555, 9.234099388122559, 9.285926818847656,
        9.34762191772461, 9.356095314025879, 9.369955062866211,
        9.386409759521484, 9.39775276184082, 9.30006217956543, 9.3159818649292,
        9.332359313964844, 9.358747482299805, 9.376396179199219,
        9.375052452087402, 9.402634620666504, 9.426800727844238,
        9.277949333190918, 9.252403259277344, 9.255990982055664,
        9.202661514282227, 9.19533920288086, 9.229558944702148,
        9.243188858032227, 9.254212379455566, 9.26294994354248,
        9.272624015808105, 9.295742988586426, 9.304499626159668,
        9.287957191467285, 9.296228408813477, 9.289374351501465,
        9.108291625976562, 9.10467529296875, 9.110909461975098,
        9.115922927856445, 9.12915325164795, 9.125043869018555,
        9.127679824829102, 9.125982284545898, 9.130993843078613,
        9.134085655212402, 9.154214859008789, 9.214333534240723,
        9.220227241516113, 9.163579940795898, 9.157838821411133,
        9.155872344970703, 9.009051322937012, 8.954811096191406,
        8.964554786682129, 8.967370986938477, 8.979384422302246,
        8.988068580627441, 9.014320373535156, 9.032990455627441,
        8.964391708374023, 8.954390525817871, 8.945898056030273,
        8.931081771850586, 8.920449256896973, 8.91835880279541,
        8.932697296142578, 8.953243255615234, 8.949990272521973,
        8.960762023925781, 8.964109420776367, 8.95997142791748,
        8.97299861907959, 8.991598129272461, 9.021571159362793,
        9.007613182067871, 8.967275619506836, 8.969639778137207,
        8.996552467346191, 8.684158325195312, 8.6555757522583,
        8.650202751159668, 8.658893585205078, 8.700226783752441,
        8.595547676086426, 8.58752155303955, 8.590943336486816,
        8.602322578430176, 8.294936180114746, 8.275542259216309,
        8.106193542480469, 8.089503288269043, 8.074402809143066,
        8.075156211853027, 8.07324504852295, 7.916896343231201,
        7.807639122009277, 7.813154697418213, 7.816284656524658,
        7.583654403686523, 7.540294647216797, 7.528265953063965,
        7.526003837585449, 7.549746036529541, 7.5457305908203125,
        7.549070358276367, 7.561769485473633, 7.563959121704102,
        7.565138339996338, 7.56635046005249, 7.568668365478516,
        7.58611536026001, 7.538807392120361, 7.541955471038818,
        7.510705947875977, 7.522387504577637, 7.533142566680908,
        7.535139560699463, 7.314332485198975, 7.079507827758789,
        7.055088520050049, 7.0515828132629395, 7.042452812194824,
        7.039928436279297, 7.029735088348389, 7.037074089050293,
        7.019506931304932, 7.0070061683654785, 7.0091552734375,
        7.007586479187012, 6.989617824554443, 6.998938083648682,
        6.988795280456543, 6.977205753326416, 6.97690486907959,
        6.862390041351318, 6.846497535705566, 6.879697799682617,
        6.877281188964844, 6.871359825134277, 6.851619243621826,
        6.853340148925781, 6.851457595825195, 6.833132266998291,
        6.657700061798096, 6.634332180023193, 6.617450714111328,
        6.607223987579346, 6.608724117279053, 6.607837200164795,
        6.6057515144348145, 6.634390830993652, 6.423364162445068,
        6.39329195022583, 6.293094158172607, 6.276432514190674,
        6.276179313659668, 6.297796249389648, 6.292078971862793,
        6.291313648223877, 6.273126602172852, 5.941805839538574,
        5.9327921867370605, 5.931048393249512, 5.9446635246276855,
        5.939692974090576, 5.973158359527588, 5.9756317138671875,
        5.990217208862305, 5.984818458557129, 5.983035087585449,
        5.995782852172852, 5.984921455383301, 5.972695350646973,
        5.707393169403076, 5.689410209655762, 5.705728054046631,
        5.715719223022461, 5.705495357513428, 5.70276403427124,
        5.705367088317871, 5.705498218536377, 5.701455593109131,
        5.689542770385742, 5.679971694946289, 5.667145252227783,
        5.673570156097412, 5.674105644226074, 5.69139289855957,
        5.685035705566406, 5.544051647186279, 5.489901542663574,
        5.511728763580322, 5.506417751312256, 5.495779514312744,
        5.493858814239502, 5.502797603607178, 5.50858736038208,
        5.512379169464111, 5.359025955200195, 5.356258392333984,
        5.21064567565918, 5.20068359375, 5.20559549331665, 5.184353351593018,
        5.172417163848877, 5.0155029296875, 5.008565902709961,
        5.008079528808594, 4.9911885261535645, 4.997311592102051,
        4.996353626251221, 5.000851154327393, 4.991955757141113,
        4.972332954406738, 4.961325645446777, 4.746516704559326,
        4.738136291503906, 4.736137390136719, 4.7405266761779785,
        4.734610557556152, 4.73092794418335, 4.6466522216796875,
        4.656959533691406, 4.658680438995361, 4.646571159362793,
        4.63471794128418, 4.265703201293945, 4.244353294372559,
        4.2464070320129395, 4.236897945404053, 4.246647357940674,
        4.250227451324463, 4.257987976074219, 4.218082904815674,
        4.196359157562256, 4.197024822235107, 4.206177234649658,
        4.218368053436279, 4.219259738922119, 4.147730350494385,
        4.133235454559326, 4.116617679595947, 4.1041083335876465,
        4.103246212005615, 4.117452144622803, 4.128775119781494,
        4.1485772132873535, 4.131770610809326, 4.027534484863281,
        4.019623279571533, 4.002143859863281, 4.017697334289551,
        4.035960674285889, 4.041036128997803, 4.062142372131348,
        4.050891876220703, 4.04420280456543, 3.9733309745788574,
        3.946371555328369, 3.942859649658203, 3.9215493202209473,
        3.9128379821777344, 3.907571792602539, 3.898473024368286,
        3.896841287612915, 3.88657808303833, 3.887674570083618,
        3.8903865814208984, 3.8985204696655273, 3.871488571166992,
        3.858057975769043, 3.8606133460998535, 3.8671183586120605,
        3.85675311088562, 3.8535361289978027, 3.8446991443634033,
        3.8575594425201416, 3.890537738800049, 3.9142723083496094,
        3.931295394897461, 3.948704719543457, 3.9466733932495117,
        3.9499130249023438, 3.9517719745635986, 3.9530584812164307,
        3.949963092803955, 3.9408907890319824, 3.936537265777588,
        3.9382121562957764, 3.9377992153167725, 3.922189712524414,
        3.9170196056365967, 3.913529634475708, 3.9056155681610107,
        3.905618190765381, 3.9021482467651367, 3.9306623935699463,
        3.912834405899048, 3.9153482913970947, 3.9150750637054443,
        3.9222424030303955, 3.932535171508789, 3.9439799785614014,
        3.9029359817504883, 3.888524293899536, 3.88765025138855,
        3.913618803024292, 3.904326915740967
      ]
    }
  },
  {
    "RBS_20000_HL2": {
      "acc": [
        11.0, 11.7, 9.6, 8.3, 10.0, 9.6, 10.9, 10.5, 11.2, 11.3, 10.9, 11.3,
        11.7, 11.6, 11.6, 11.9, 11.6, 12.4, 12.8, 13.1, 14.5, 14.1, 14.7, 14.5,
        14.8, 15.3, 15.3, 15.1, 15.4, 15.6, 16.0, 16.1, 16.0, 16.3, 16.5, 16.8,
        17.0, 17.1, 17.1, 17.3, 17.0, 17.7, 17.3, 17.8, 17.7, 18.5, 18.6, 18.9,
        18.9, 18.9, 19.0, 18.9, 19.4, 19.7, 19.7, 19.7, 19.9, 20.3, 20.6, 20.5,
        20.5, 20.5, 20.5, 21.2, 21.1, 20.8, 20.9, 20.8, 21.7, 21.4, 21.4, 21.3,
        21.7, 21.5, 21.7, 21.7, 22.0, 22.1, 22.0, 21.8, 22.0, 21.7, 22.5, 22.7,
        22.9, 23.1, 23.6, 23.6, 23.3, 23.5, 23.5, 23.5, 23.7, 23.6, 24.1, 25.0,
        24.6, 24.8, 25.1, 25.5, 25.4, 25.4, 25.4, 26.1, 26.1, 26.2, 26.5, 26.4,
        26.4, 26.5, 26.9, 27.3, 27.2, 27.3, 27.1, 27.6, 27.7, 27.3, 27.7, 27.7,
        27.9, 28.0, 28.5, 28.5, 28.6, 29.2, 29.0, 29.2, 28.7, 28.8, 29.1, 29.6,
        30.1, 30.2, 30.5, 30.7, 30.5, 31.0, 31.2, 30.9, 30.5, 30.8, 30.9, 31.1,
        31.1, 31.0, 31.5, 31.9, 31.5, 32.1, 32.2, 32.4, 32.8, 32.9, 32.4, 32.6,
        33.1, 33.2, 33.5, 33.7, 33.7, 33.9, 34.0, 34.4, 34.7, 34.8, 34.9, 35.0,
        35.0, 35.3, 35.4, 35.4, 35.6, 36.4, 36.5, 36.9, 36.7, 37.2, 37.1, 37.3,
        37.6, 37.5, 37.8, 38.1, 38.4, 38.3, 38.1, 38.6, 38.7, 38.7, 39.0, 38.8,
        39.5, 39.4, 39.4, 39.6, 39.5, 39.8, 40.1, 40.0, 40.2, 39.8, 39.8, 39.7,
        39.7, 40.0, 40.6, 40.6, 40.4, 40.2, 40.4, 40.2, 41.3, 41.5, 41.1, 41.6,
        41.8, 42.1, 42.2, 41.4, 42.0, 42.5, 42.6, 42.6, 43.0, 43.5, 42.3, 41.8,
        42.8, 42.8, 43.1, 42.6, 43.0, 43.5, 43.8, 43.6, 44.0, 43.9, 43.5, 43.6,
        44.1, 43.9, 44.2, 44.3, 44.0, 43.8, 43.6, 43.4, 43.3, 43.3, 43.0, 43.8,
        43.4, 43.5, 44.2, 44.4, 44.9, 44.5, 43.9, 43.8, 43.4, 43.3, 43.2, 43.4,
        43.6, 44.1, 44.6, 44.5, 44.8, 44.4, 43.9, 44.3, 45.1, 45.1, 44.2, 44.5,
        44.8, 45.5, 45.7, 45.6, 45.0, 44.9, 44.9, 45.2, 44.6, 44.2, 44.9, 44.7,
        44.8, 44.1, 44.4, 44.5, 44.6, 45.8, 45.8, 45.5, 46.2, 46.4, 47.1, 47.0,
        47.4, 46.4, 46.9, 47.0, 47.6, 46.7, 47.1, 47.5, 47.7, 47.6, 48.1, 48.3,
        48.7, 48.1, 48.5, 48.9, 48.9, 49.0, 48.7, 48.4, 48.5, 48.5, 49.8, 49.7,
        50.2, 49.7, 49.4, 50.1, 49.5, 49.8, 49.8, 49.9, 49.8, 50.0, 49.8, 49.7,
        49.7, 49.2, 49.3, 49.4, 50.4, 50.8, 50.6, 51.3, 51.3, 50.8, 50.5, 50.7,
        50.7, 50.9, 51.0, 51.5, 51.4, 51.9, 51.7, 52.0, 51.7, 52.0, 51.7, 51.7,
        51.0, 50.7, 50.4, 49.2, 49.4, 49.4, 48.7, 48.5, 48.8, 48.3, 49.1, 49.0,
        48.2, 48.7, 49.0, 49.1, 48.9, 49.2, 48.7, 49.0, 49.2, 48.9, 48.3, 48.4,
        48.8, 48.6, 49.2, 49.2, 49.2, 49.1, 48.7
      ],
      "loss": [
        10.075774192810059, 10.16079044342041, 10.58673095703125,
        10.938933372497559, 10.629531860351562, 10.825494766235352,
        10.731273651123047, 10.731913566589355, 10.62112045288086,
        10.753238677978516, 10.911569595336914, 10.883474349975586,
        10.867232322692871, 10.941489219665527, 11.009626388549805,
        11.047761917114258, 11.19671630859375, 10.633691787719727,
        10.60940933227539, 10.691749572753906, 10.491427421569824,
        10.656097412109375, 10.760433197021484, 10.878302574157715,
        10.827879905700684, 10.692819595336914, 10.704120635986328,
        10.79183578491211, 10.260082244873047, 10.30029582977295,
        10.433095932006836, 10.424766540527344, 10.525567054748535,
        10.585103034973145, 10.65359115600586, 10.680354118347168,
        10.702776908874512, 10.744812965393066, 10.774385452270508,
        10.265826225280762, 10.362618446350098, 10.18411636352539,
        10.230834007263184, 10.185345649719238, 10.270320892333984,
        10.248846054077148, 10.26304817199707, 10.291336059570312,
        10.268704414367676, 10.335006713867188, 10.43899154663086,
        10.41911506652832, 10.433005332946777, 10.479877471923828,
        10.470715522766113, 10.502208709716797, 10.02203369140625,
        9.585479736328125, 9.622892379760742, 9.687235832214355,
        9.74281120300293, 9.469413757324219, 9.525903701782227,
        9.448202133178711, 9.56977367401123, 9.301856994628906,
        9.20366382598877, 9.244503021240234, 9.170796394348145,
        9.22218132019043, 9.146714210510254, 9.174619674682617,
        9.208548545837402, 9.253866195678711, 9.241276741027832,
        9.32229232788086, 9.426036834716797, 9.37142276763916,
        9.055586814880371, 9.1094388961792, 9.068841934204102,
        9.169472694396973, 9.094757080078125, 9.151780128479004,
        9.146075248718262, 9.119580268859863, 9.145201683044434,
        9.182103157043457, 9.211780548095703, 9.275638580322266,
        9.335139274597168, 9.19909381866455, 9.223273277282715,
        9.231042861938477, 9.210505485534668, 9.194140434265137,
        9.216399192810059, 9.21538257598877, 9.219792366027832,
        9.271392822265625, 9.24649715423584, 9.29900074005127,
        9.336614608764648, 8.956006050109863, 8.938119888305664,
        8.960065841674805, 8.906168937683105, 8.89548397064209,
        8.909415245056152, 8.925782203674316, 8.954315185546875,
        8.958450317382812, 8.996418952941895, 8.991798400878906,
        9.000377655029297, 8.989203453063965, 8.993383407592773,
        9.003849029541016, 8.854790687561035, 8.869222640991211,
        8.894673347473145, 8.925098419189453, 8.98137092590332,
        8.991693496704102, 9.016762733459473, 8.987601280212402,
        9.035043716430664, 8.983016014099121, 9.011205673217773,
        9.068705558776855, 9.08358097076416, 8.969883918762207,
        8.956208229064941, 8.958305358886719, 8.643661499023438,
        8.637674331665039, 8.634702682495117, 8.648935317993164,
        8.646931648254395, 8.672014236450195, 8.681958198547363,
        8.670059204101562, 8.580524444580078, 8.545699119567871,
        8.5178861618042, 8.508886337280273, 8.50253963470459, 8.512130737304688,
        8.56676197052002, 8.544317245483398, 8.550620079040527,
        8.595062255859375, 8.59383487701416, 8.612386703491211,
        8.626944541931152, 8.630864143371582, 8.645828247070312,
        8.625967025756836, 8.578367233276367, 8.580037117004395,
        8.583280563354492, 8.38016128540039, 8.386394500732422,
        8.401061058044434, 8.438568115234375, 8.480889320373535,
        8.257798194885254, 8.2548828125, 8.239639282226562, 8.249664306640625,
        8.063941955566406, 8.077473640441895, 7.757188320159912,
        7.710067272186279, 7.721948623657227, 7.714232444763184,
        7.708925247192383, 7.542308807373047, 7.375121593475342,
        7.39563512802124, 7.4098029136657715, 7.33726167678833,
        7.292924404144287, 7.2703423500061035, 7.266735076904297,
        7.264141082763672, 7.27140474319458, 7.289131164550781,
        7.285273551940918, 7.319871425628662, 7.318802356719971,
        7.326793670654297, 7.330309867858887, 7.351134300231934,
        7.2532196044921875, 7.2526631355285645, 7.261626243591309,
        7.2586469650268555, 7.2512664794921875, 7.261784553527832,
        7.157829284667969, 7.013610363006592, 7.003836154937744,
        6.981739521026611, 6.9677324295043945, 6.938144683837891,
        6.95199728012085, 6.972158908843994, 6.936440944671631,
        6.959914684295654, 6.944549560546875, 6.913857460021973,
        6.914069652557373, 6.892076015472412, 6.920550346374512,
        6.934650421142578, 6.926305294036865, 6.782729148864746,
        6.796966552734375, 6.832503795623779, 6.824944019317627,
        6.7993950843811035, 6.78867244720459, 6.799096584320068,
        6.778372764587402, 6.761409282684326, 6.362712383270264,
        6.329636573791504, 6.300404071807861, 6.285941123962402,
        6.304316997528076, 6.3217291831970215, 6.338476181030273,
        6.37190055847168, 6.14800500869751, 6.170945644378662,
        6.036285400390625, 6.02698278427124, 6.004360675811768,
        5.991160869598389, 5.996574401855469, 6.014242649078369,
        5.978736877441406, 5.7753682136535645, 5.781519412994385,
        5.795919895172119, 5.804055690765381, 5.80605936050415,
        5.837334632873535, 5.832343101501465, 5.8735857009887695,
        5.862043857574463, 5.855974197387695, 5.85014533996582,
        5.831221580505371, 5.837023735046387, 5.665389060974121,
        5.674185276031494, 5.689720630645752, 5.699831008911133,
        5.672351360321045, 5.665728569030762, 5.6651225090026855,
        5.668771266937256, 5.671809196472168, 5.661312580108643,
        5.6550374031066895, 5.64617919921875, 5.649946212768555,
        5.648097991943359, 5.6668548583984375, 5.65559720993042,
        5.467010974884033, 5.446162223815918, 5.514930248260498,
        5.488757610321045, 5.4804182052612305, 5.479095935821533,
        5.489291191101074, 5.5037946701049805, 5.5066447257995605,
        5.373891353607178, 5.360986232757568, 5.222486972808838,
        5.216354846954346, 5.217504501342773, 5.2016777992248535,
        5.199193477630615, 5.068747043609619, 5.064369201660156,
        5.053370952606201, 5.042054653167725, 5.029004096984863,
        5.014017581939697, 5.019861698150635, 5.013995170593262,
        5.002598762512207, 5.002314567565918, 4.885907173156738,
        4.888518333435059, 4.865963935852051, 4.881295204162598,
        4.875226020812988, 4.868656158447266, 4.736538410186768,
        4.747392177581787, 4.746654987335205, 4.706103801727295,
        4.7034687995910645, 4.604949474334717, 4.573365211486816,
        4.570672988891602, 4.555274963378906, 4.552706718444824,
        4.53981351852417, 4.534861087799072, 4.523160934448242,
        4.528900146484375, 4.538906097412109, 4.542856693267822,
        4.556987285614014, 4.554153919219971, 4.355514049530029,
        4.342487335205078, 4.323198318481445, 4.333977222442627,
        4.328983783721924, 4.324807167053223, 4.339273929595947,
        4.319575309753418, 4.307268142700195, 4.155397415161133,
        4.1425580978393555, 4.144360065460205, 4.154091835021973,
        4.163064002990723, 4.182037830352783, 4.211912155151367,
        4.211955547332764, 4.218757152557373, 4.041683673858643,
        4.0360026359558105, 4.050415515899658, 4.033398151397705,
        4.031880855560303, 4.040482997894287, 4.049328327178955,
        4.064999580383301, 4.067671298980713, 4.059427261352539,
        4.048964977264404, 4.052624225616455, 4.022562503814697,
        4.010341167449951, 4.017423629760742, 4.01544189453125,
        4.0233283042907715, 4.001628398895264, 4.000026702880859,
        4.002596855163574, 4.042527198791504, 4.052000999450684,
        4.055868148803711, 4.092940807342529, 4.075284957885742,
        4.0676045417785645, 4.092252254486084, 4.095582962036133,
        4.07806396484375, 4.0809006690979, 4.075876235961914, 4.062382221221924,
        4.077167987823486, 4.054013252258301, 4.049689769744873,
        4.052040100097656, 4.041985034942627, 4.034965991973877,
        4.0606184005737305, 4.0717363357543945, 4.056711196899414,
        4.045034885406494, 4.038816452026367, 4.048888206481934,
        4.071376323699951, 4.080981254577637, 4.028130531311035,
        4.040990352630615, 4.040887355804443, 4.063542366027832,
        4.075825214385986
      ]
    }
  },
  {
    "RBS_20000_HL3": {
      "acc": [
        12.0, 10.5, 8.5, 7.4, 10.5, 10.2, 11.2, 11.3, 11.7, 11.8, 11.2, 11.2,
        11.9, 11.9, 12.3, 12.4, 11.9, 12.5, 13.1, 12.9, 13.9, 14.0, 14.8, 14.4,
        14.9, 15.1, 15.4, 15.5, 15.5, 15.7, 16.0, 15.4, 15.6, 15.9, 15.7, 16.5,
        16.5, 16.9, 16.9, 17.1, 17.4, 17.9, 17.9, 18.1, 17.9, 18.2, 18.5, 18.5,
        18.3, 18.6, 18.9, 19.0, 19.4, 19.5, 19.4, 19.6, 19.5, 19.6, 19.7, 19.7,
        19.7, 19.9, 20.1, 21.0, 21.7, 21.9, 22.0, 21.7, 22.2, 22.1, 21.2, 21.6,
        21.2, 21.6, 21.8, 22.0, 22.1, 22.8, 22.7, 22.9, 23.8, 23.5, 24.0, 24.1,
        24.2, 24.3, 24.4, 24.2, 23.7, 24.2, 24.1, 24.5, 24.9, 24.7, 25.5, 26.3,
        25.7, 26.1, 26.3, 26.2, 26.1, 26.2, 26.2, 26.3, 26.3, 26.9, 27.0, 27.0,
        27.4, 27.3, 27.4, 28.1, 27.8, 28.1, 28.1, 28.3, 28.5, 28.7, 28.4, 28.6,
        28.8, 28.8, 29.2, 29.3, 29.3, 29.9, 29.3, 29.3, 29.3, 29.0, 29.1, 30.1,
        30.7, 30.5, 30.3, 30.6, 30.8, 31.1, 31.4, 31.2, 30.9, 31.1, 31.7, 31.8,
        32.0, 31.7, 31.8, 32.4, 31.9, 32.1, 32.4, 32.3, 32.7, 32.8, 32.6, 32.9,
        33.1, 33.4, 33.9, 33.8, 33.9, 33.5, 34.4, 34.4, 35.1, 35.1, 35.4, 35.7,
        35.7, 36.2, 36.0, 35.7, 35.3, 36.1, 36.3, 36.9, 36.9, 36.3, 37.4, 37.3,
        37.5, 37.7, 38.2, 37.9, 37.9, 38.2, 38.3, 38.6, 38.8, 39.0, 39.5, 39.6,
        39.4, 38.9, 40.1, 40.1, 40.1, 40.2, 40.0, 40.0, 39.8, 39.3, 39.3, 38.9,
        38.2, 38.3, 39.2, 39.9, 40.2, 40.1, 40.1, 40.2, 40.6, 40.5, 40.6, 40.5,
        41.0, 41.7, 41.7, 41.4, 41.5, 42.1, 42.7, 42.6, 43.2, 43.9, 43.8, 44.0,
        44.1, 43.6, 43.1, 43.1, 43.1, 43.2, 43.2, 43.3, 43.4, 43.4, 43.1, 44.3,
        44.2, 45.0, 44.9, 44.6, 44.7, 44.5, 44.2, 44.2, 44.4, 44.7, 44.4, 44.4,
        44.0, 44.3, 45.0, 45.0, 46.3, 46.7, 46.1, 46.2, 46.4, 46.1, 45.9, 46.2,
        46.2, 46.6, 46.8, 46.8, 47.0, 46.4, 46.2, 46.8, 47.4, 47.4, 46.3, 46.9,
        47.7, 47.4, 47.9, 47.5, 47.1, 47.2, 46.6, 48.0, 47.3, 45.9, 47.2, 47.1,
        47.5, 46.8, 47.5, 47.8, 47.9, 47.9, 47.5, 47.4, 47.9, 48.1, 48.7, 49.0,
        48.9, 49.0, 48.7, 49.4, 49.8, 49.1, 49.1, 49.4, 49.8, 50.5, 50.2, 50.2,
        49.7, 50.1, 50.2, 50.0, 50.4, 50.8, 50.7, 50.6, 51.0, 50.6, 51.2, 51.4,
        51.2, 51.0, 51.2, 51.1, 50.9, 51.1, 51.0, 51.6, 52.2, 52.9, 52.6, 52.9,
        52.6, 52.3, 51.4, 51.2, 52.4, 52.2, 52.4, 52.6, 52.3, 52.1, 52.2, 52.4,
        52.3, 52.2, 52.0, 51.3, 52.7, 53.0, 53.1, 52.9, 52.9, 53.0, 52.6, 52.8,
        52.0, 52.2, 52.1, 51.5, 51.5, 51.1, 50.4, 50.6, 50.4, 50.3, 51.0, 50.9,
        50.5, 51.2, 50.5, 51.0, 51.3, 51.4, 51.0, 50.2, 50.5, 49.9, 49.5, 49.4,
        49.6, 49.5, 51.3, 50.9, 50.6, 50.7, 50.4
      ],
      "loss": [
        10.309234619140625, 10.64301586151123, 11.209444999694824,
        11.53061580657959, 10.947412490844727, 11.083745956420898,
        10.853865623474121, 10.967316627502441, 10.770194053649902,
        10.899821281433105, 11.081217765808105, 11.144915580749512,
        11.038552284240723, 11.026362419128418, 11.131514549255371,
        11.265149116516113, 11.437440872192383, 10.792898178100586,
        10.878318786621094, 11.010083198547363, 10.802574157714844,
        10.895071029663086, 10.861443519592285, 11.045169830322266,
        11.069618225097656, 10.879937171936035, 10.868124961853027,
        10.940468788146973, 10.486571311950684, 10.527730941772461,
        10.53039264678955, 10.688005447387695, 10.714587211608887,
        10.79483413696289, 10.928284645080566, 10.978276252746582,
        11.041766166687012, 10.977178573608398, 11.042680740356445,
        10.756535530090332, 10.868656158447266, 10.76666259765625,
        10.821104049682617, 10.849186897277832, 10.970252990722656,
        10.919441223144531, 10.977587699890137, 11.007439613342285,
        11.095257759094238, 11.110370635986328, 11.111593246459961,
        11.067716598510742, 11.104232788085938, 11.161836624145508,
        11.149384498596191, 11.23000717163086, 11.015707969665527,
        10.598776817321777, 10.61110782623291, 10.663973808288574,
        10.698004722595215, 10.5970458984375, 10.604887008666992,
        10.607160568237305, 10.601232528686523, 10.4406099319458,
        10.273578643798828, 10.286952018737793, 10.240086555480957,
        10.287447929382324, 10.05678653717041, 10.051018714904785,
        10.102239608764648, 10.140942573547363, 10.125247955322266,
        10.17590618133545, 10.194490432739258, 10.205267906188965,
        9.619653701782227, 9.659919738769531, 9.642422676086426,
        9.696496963500977, 9.742086410522461, 9.767559051513672,
        9.812392234802246, 9.738449096679688, 9.776480674743652,
        9.824495315551758, 9.868327140808105, 9.900308609008789,
        9.937835693359375, 9.77788257598877, 9.75967788696289,
        9.798973083496094, 9.776540756225586, 9.711313247680664,
        9.772905349731445, 9.75771427154541, 9.82674789428711,
        9.863187789916992, 9.866122245788574, 9.898066520690918,
        9.93027114868164, 9.515645027160645, 9.502923011779785,
        9.542040824890137, 9.441404342651367, 9.440356254577637,
        9.46301555633545, 9.509203910827637, 9.5490140914917, 9.575138092041016,
        9.628657341003418, 9.607781410217285, 9.636723518371582,
        9.641096115112305, 9.645613670349121, 9.684374809265137,
        9.476935386657715, 9.42233657836914, 9.438050270080566,
        9.469999313354492, 9.49478816986084, 9.483614921569824,
        9.508468627929688, 9.49897289276123, 9.546870231628418,
        9.529004096984863, 9.573429107666016, 9.653459548950195,
        9.689891815185547, 9.593472480773926, 9.591169357299805,
        9.593989372253418, 9.497618675231934, 9.535622596740723,
        9.530652046203613, 9.554475784301758, 9.523333549499512,
        9.540956497192383, 9.535258293151855, 9.532625198364258,
        9.153194427490234, 9.101271629333496, 9.057546615600586,
        9.087811470031738, 9.110939979553223, 9.091447830200195,
        9.15208625793457, 9.156713485717773, 9.172670364379883,
        9.211052894592285, 9.199202537536621, 9.207368850708008,
        9.196511268615723, 9.214372634887695, 9.264453887939453,
        9.21980094909668, 9.14803409576416, 9.159111022949219,
        9.138448715209961, 8.68995475769043, 8.65331745147705,
        8.650464057922363, 8.728389739990234, 8.784438133239746,
        8.477212905883789, 8.507631301879883, 8.507669448852539,
        8.497293472290039, 8.192350387573242, 8.187990188598633,
        8.0640869140625, 8.030383110046387, 8.034546852111816,
        8.032232284545898, 8.079561233520508, 7.868734836578369,
        7.582329273223877, 7.566859722137451, 7.5861616134643555,
        7.365546226501465, 7.291047096252441, 7.300114154815674,
        7.311811447143555, 7.329475402832031, 7.345631122589111,
        7.356967449188232, 7.352354526519775, 7.359665870666504,
        7.37979793548584, 7.392789840698242, 7.421882152557373,
        7.474487781524658, 7.416348934173584, 7.428451061248779,
        7.38753604888916, 7.390873432159424, 7.391127109527588,
        7.389533519744873, 7.264089107513428, 7.191955089569092,
        7.2049055099487305, 7.214944839477539, 7.231556415557861,
        7.209163188934326, 7.124604225158691, 7.111397743225098,
        7.120453357696533, 7.135954856872559, 7.155635356903076,
        7.170198440551758, 7.1217522621154785, 7.099611759185791,
        7.111027240753174, 7.152797698974609, 7.1396565437316895,
        6.970001697540283, 6.9654107093811035, 6.987156391143799,
        6.967349529266357, 6.944667339324951, 6.952017784118652,
        6.9620561599731445, 6.944459438323975, 6.9319915771484375,
        6.7635602951049805, 6.723525047302246, 6.720943450927734,
        6.719361305236816, 6.757729530334473, 6.757927894592285,
        6.77288293838501, 6.799182415008545, 6.708004474639893,
        6.715452671051025, 6.546256065368652, 6.5315141677856445,
        6.511164665222168, 6.482651710510254, 6.447084426879883,
        6.432387351989746, 6.457442760467529, 6.371498107910156,
        6.365039348602295, 6.362550258636475, 6.36932897567749,
        6.399904727935791, 6.383975982666016, 6.3865556716918945,
        6.3946027755737305, 6.407034397125244, 6.42243766784668,
        6.3999857902526855, 6.37239933013916, 6.37238883972168,
        6.241085052490234, 6.2026824951171875, 6.222711086273193,
        6.210844993591309, 6.176273822784424, 6.1735100746154785,
        6.191512107849121, 6.185612678527832, 6.195991516113281,
        6.179864883422852, 6.162810325622559, 6.168940544128418,
        6.1680474281311035, 6.213890075683594, 6.2203874588012695,
        6.199669361114502, 5.803893566131592, 5.724504470825195,
        5.767942905426025, 5.747541904449463, 5.683629512786865,
        5.692112445831299, 5.670120716094971, 5.676820755004883,
        5.678317546844482, 5.542234420776367, 5.53834867477417,
        5.320268154144287, 5.300975322723389, 5.333019733428955,
        5.29160737991333, 5.296259880065918, 5.122000694274902,
        5.157160758972168, 5.12425422668457, 5.102326393127441,
        5.087884426116943, 5.086401462554932, 5.0974931716918945,
        5.0922346115112305, 5.079753875732422, 5.07189416885376,
        4.921380996704102, 4.911172866821289, 4.923074722290039,
        4.917474269866943, 4.905445098876953, 4.898622989654541,
        4.741640090942383, 4.756344795227051, 4.763594627380371,
        4.737865447998047, 4.725082874298096, 4.4167022705078125,
        4.381412982940674, 4.374033451080322, 4.374415874481201,
        4.368740558624268, 4.362880706787109, 4.364352703094482,
        4.328779697418213, 4.336926460266113, 4.341367244720459,
        4.348227024078369, 4.344695091247559, 4.350966930389404,
        4.257089138031006, 4.246098041534424, 4.233321189880371,
        4.233872890472412, 4.23401403427124, 4.241695404052734,
        4.260373592376709, 4.241586208343506, 4.218588352203369,
        4.114828586578369, 4.110598087310791, 4.08493709564209,
        4.131318092346191, 4.13557767868042, 4.1520094871521, 4.173079490661621,
        4.171322345733643, 4.158156871795654, 4.041815757751465,
        4.046695709228516, 4.053947925567627, 4.0410685539245605,
        4.039483070373535, 4.036454200744629, 4.012722015380859,
        4.004589080810547, 4.016335487365723, 4.014030933380127,
        4.002026081085205, 4.015977382659912, 3.9585514068603516,
        3.9444050788879395, 3.94240140914917, 3.955256223678589,
        3.9479360580444336, 3.935697078704834, 3.9316046237945557,
        3.934624195098877, 3.9635097980499268, 3.954760789871216,
        3.9612810611724854, 3.9976813793182373, 4.000535488128662,
        4.001219272613525, 4.027645111083984, 4.03035831451416,
        4.025543689727783, 4.01065731048584, 4.000477313995361,
        3.990463972091675, 4.012749671936035, 3.987200975418091,
        3.982114791870117, 3.9735634326934814, 3.9693171977996826,
        3.966290235519409, 3.9712510108947754, 4.001766204833984,
        3.9835474491119385, 3.9971327781677246, 4.001122951507568,
        4.0042219161987305, 4.029388427734375, 4.039905548095703,
        3.969388246536255, 3.983577013015747, 3.997511863708496,
        4.0078959465026855, 4.012255668640137
      ]
    }
  },
  {
    "RBS_20000_HL4": {
      "acc": [
        11.7, 10.9, 8.8, 7.3, 10.6, 10.0, 10.8, 10.7, 11.5, 11.7, 11.2, 11.5,
        11.9, 12.1, 12.0, 12.1, 11.8, 12.8, 13.4, 13.3, 14.1, 14.3, 14.8, 14.2,
        14.6, 15.0, 14.9, 15.4, 15.0, 15.8, 16.1, 16.1, 16.5, 16.6, 16.8, 17.0,
        17.1, 17.4, 17.4, 17.3, 17.3, 17.8, 17.5, 18.2, 18.0, 18.5, 18.5, 18.4,
        18.5, 18.6, 18.8, 18.5, 19.1, 19.3, 19.3, 19.2, 19.2, 19.5, 19.3, 19.4,
        19.7, 19.6, 20.3, 20.8, 21.2, 21.4, 22.1, 22.0, 22.4, 22.2, 22.1, 22.9,
        23.0, 22.9, 22.8, 23.0, 22.9, 24.0, 23.4, 23.3, 23.9, 23.2, 23.8, 24.2,
        24.4, 24.7, 24.6, 25.0, 24.7, 25.0, 25.0, 25.1, 25.0, 25.0, 25.3, 26.0,
        25.3, 25.7, 25.6, 25.8, 26.0, 26.1, 26.3, 26.4, 26.3, 26.8, 27.0, 26.9,
        26.6, 26.7, 27.2, 27.6, 27.7, 27.8, 27.6, 27.8, 28.0, 28.0, 28.6, 27.9,
        28.2, 28.1, 28.5, 28.2, 29.2, 29.8, 29.7, 29.9, 29.7, 29.6, 29.6, 30.5,
        30.4, 30.2, 30.3, 30.3, 30.4, 30.8, 31.0, 30.9, 31.0, 30.6, 30.9, 31.7,
        32.1, 32.3, 32.0, 32.5, 32.5, 32.6, 32.9, 32.3, 32.4, 32.4, 32.4, 32.2,
        32.3, 32.4, 33.0, 32.9, 32.9, 33.6, 33.9, 33.7, 34.5, 34.3, 34.7, 34.9,
        34.9, 35.1, 34.9, 34.6, 34.4, 35.0, 34.8, 35.3, 35.9, 35.5, 36.0, 36.2,
        36.6, 37.1, 37.6, 37.8, 38.0, 38.2, 37.9, 38.0, 38.3, 37.8, 38.1, 38.6,
        38.8, 38.9, 39.4, 39.6, 39.8, 39.9, 39.4, 39.7, 39.7, 39.8, 39.5, 39.1,
        38.6, 38.4, 38.5, 38.9, 39.0, 38.9, 39.0, 39.3, 39.8, 39.9, 40.2, 40.1,
        40.3, 40.6, 40.5, 40.0, 40.5, 40.8, 41.1, 40.9, 41.3, 41.8, 42.1, 42.5,
        42.3, 42.2, 42.1, 42.3, 42.2, 41.8, 41.6, 41.5, 41.9, 41.6, 42.2, 42.6,
        43.1, 43.4, 42.6, 43.3, 43.4, 43.2, 43.5, 43.4, 42.8, 43.1, 42.3, 43.0,
        42.9, 43.0, 43.8, 43.9, 44.2, 44.7, 44.6, 44.3, 44.8, 44.8, 44.8, 44.7,
        45.0, 45.2, 45.1, 45.6, 45.8, 45.4, 45.2, 45.4, 46.2, 45.3, 45.7, 45.8,
        46.5, 46.6, 47.0, 46.7, 46.4, 47.2, 46.7, 46.3, 46.0, 45.4, 45.3, 46.1,
        46.8, 46.5, 46.5, 46.6, 47.0, 47.6, 47.0, 47.3, 47.6, 47.8, 48.1, 47.8,
        47.8, 47.9, 48.2, 48.0, 48.3, 47.3, 48.0, 48.4, 48.4, 49.4, 49.7, 50.2,
        50.1, 49.8, 50.2, 50.6, 51.2, 50.9, 51.0, 51.0, 50.7, 50.8, 51.5, 51.8,
        51.8, 51.6, 51.6, 51.3, 51.3, 51.3, 51.2, 51.7, 52.1, 52.7, 52.1, 51.8,
        51.3, 51.1, 50.6, 50.8, 51.0, 51.3, 51.5, 51.6, 52.0, 52.2, 52.8, 52.6,
        52.9, 52.9, 53.0, 53.0, 53.8, 53.8, 53.5, 53.4, 53.6, 53.6, 53.1, 53.0,
        51.7, 51.8, 51.9, 50.8, 51.0, 51.3, 51.4, 51.2, 51.2, 51.7, 51.6, 51.6,
        51.0, 51.2, 51.1, 51.2, 51.4, 51.3, 51.2, 50.8, 51.0, 50.9, 50.9, 50.5,
        50.5, 50.6, 51.2, 50.6, 50.6, 50.8, 50.7
      ],
      "loss": [
        10.711305618286133, 11.145689964294434, 11.708940505981445,
        12.177047729492188, 11.62427043914795, 11.795961380004883,
        11.717921257019043, 11.80052375793457, 11.266741752624512,
        11.536919593811035, 11.72359561920166, 11.776668548583984,
        11.703518867492676, 11.540494918823242, 11.672966003417969,
        11.805680274963379, 12.000089645385742, 11.038765907287598,
        11.192397117614746, 11.318556785583496, 11.233183860778809,
        11.21667766571045, 11.217642784118652, 11.385677337646484,
        11.437233924865723, 11.398219108581543, 11.255036354064941,
        11.314102172851562, 10.774721145629883, 10.76840877532959,
        10.793767929077148, 10.994646072387695, 11.012569427490234,
        11.092928886413574, 11.19508171081543, 11.300458908081055,
        11.359490394592285, 11.309968948364258, 11.361157417297363,
        10.90686321258545, 10.989778518676758, 10.967949867248535,
        11.019987106323242, 11.01444149017334, 11.157212257385254,
        11.190594673156738, 11.228544235229492, 11.240461349487305,
        11.337882041931152, 11.365735054016113, 11.376315116882324,
        11.268434524536133, 11.253605842590332, 11.29841136932373,
        11.325636863708496, 11.412515640258789, 10.936444282531738,
        10.625519752502441, 10.6332426071167, 10.663581848144531,
        10.687922477722168, 9.947056770324707, 9.951973915100098,
        9.95654582977295, 9.99082088470459, 9.60799503326416, 9.412201881408691,
        9.449687004089355, 9.427331924438477, 9.5846586227417,
        9.351631164550781, 9.366448402404785, 9.524744033813477,
        9.558693885803223, 9.623663902282715, 9.72324275970459,
        9.761801719665527, 9.664983749389648, 9.61948299407959,
        9.70570182800293, 9.629659652709961, 9.785069465637207,
        9.744099617004395, 9.761791229248047, 9.690605163574219,
        9.702017784118652, 9.76594066619873, 9.802263259887695,
        9.892845153808594, 9.893178939819336, 9.9103422164917,
        9.670696258544922, 9.667468070983887, 9.701512336730957,
        9.6560640335083, 9.512934684753418, 9.619205474853516,
        9.573144912719727, 9.57390308380127, 9.583846092224121,
        9.562925338745117, 9.612367630004883, 9.651922225952148,
        9.30002498626709, 9.268194198608398, 9.33122444152832,
        9.294774055480957, 9.301864624023438, 9.369393348693848,
        9.363007545471191, 9.42421817779541, 9.380814552307129,
        9.41239070892334, 9.47331714630127, 9.50601577758789, 9.546473503112793,
        9.528488159179688, 9.5634765625, 9.126498222351074, 9.062633514404297,
        9.09423542022705, 9.097282409667969, 9.10181999206543,
        9.131184577941895, 9.116365432739258, 9.129939079284668,
        9.13398551940918, 9.136151313781738, 9.153165817260742,
        9.201519966125488, 9.206910133361816, 9.11896800994873,
        9.083574295043945, 9.096908569335938, 8.8518705368042,
        8.914119720458984, 8.900014877319336, 8.925152778625488,
        8.908339500427246, 8.917868614196777, 8.958802223205566,
        8.968958854675293, 8.768425941467285, 8.730489730834961,
        8.676579475402832, 8.666407585144043, 8.64370346069336,
        8.650141716003418, 8.682494163513184, 8.673404693603516,
        8.69921588897705, 8.749878883361816, 8.755011558532715,
        8.767278671264648, 8.79172134399414, 8.803409576416016,
        8.868329048156738, 8.835020065307617, 8.797224998474121,
        8.809252738952637, 8.81300163269043, 8.365013122558594,
        8.354996681213379, 8.358882904052734, 8.416584014892578,
        8.453429222106934, 8.213006973266602, 8.21422290802002,
        8.213311195373535, 8.201533317565918, 8.067584037780762,
        8.073269844055176, 7.866689205169678, 7.845962047576904,
        7.8785858154296875, 7.857613563537598, 7.867839813232422,
        7.650572299957275, 7.43227481842041, 7.4116621017456055,
        7.413666725158691, 7.2560625076293945, 7.175584316253662,
        7.164342403411865, 7.159983158111572, 7.17417049407959,
        7.186256408691406, 7.197376251220703, 7.188316822052002,
        7.245507717132568, 7.239819049835205, 7.229983806610107,
        7.242135047912598, 7.272372722625732, 7.214375019073486,
        7.20757532119751, 7.158249855041504, 7.173462867736816,
        7.171866416931152, 7.1681413650512695, 6.90454626083374,
        6.758699417114258, 6.764781475067139, 6.765707015991211,
        6.787607192993164, 6.739527225494385, 6.7288126945495605,
        6.738527774810791, 6.744767665863037, 6.7501749992370605,
        6.760187149047852, 6.784881114959717, 6.742088317871094,
        6.701990127563477, 6.714723110198975, 6.741091728210449,
        6.724967956542969, 6.5062031745910645, 6.5082902908325195,
        6.549060821533203, 6.529969692230225, 6.493667125701904,
        6.514823913574219, 6.529542446136475, 6.499866008758545,
        6.4745192527771, 6.347154140472412, 6.315845012664795, 6.31427526473999,
        6.312729358673096, 6.331997394561768, 6.323026657104492,
        6.3478827476501465, 6.392069339752197, 6.307748317718506,
        6.292288303375244, 6.125830173492432, 6.114047527313232,
        6.0957183837890625, 6.063106060028076, 6.05341100692749,
        6.083824634552002, 6.066956043243408, 5.838136672973633,
        5.841736793518066, 5.841104507446289, 5.838159084320068,
        5.8481125831604, 5.888965606689453, 5.878103733062744,
        5.900915622711182, 5.892654895782471, 5.9053449630737305,
        5.877254009246826, 5.847171306610107, 5.843927383422852,
        5.724119663238525, 5.707004070281982, 5.715419769287109,
        5.727552890777588, 5.706871509552002, 5.705340385437012,
        5.709677696228027, 5.7231855392456055, 5.725661754608154,
        5.706488132476807, 5.692406177520752, 5.699344158172607,
        5.695461273193359, 5.718724727630615, 5.735611915588379,
        5.7210187911987305, 5.410557746887207, 5.382843494415283,
        5.422005653381348, 5.396727561950684, 5.362074851989746,
        5.354722499847412, 5.345178127288818, 5.3824591636657715,
        5.344471454620361, 5.147429466247559, 5.170162677764893,
        5.1405487060546875, 5.1454339027404785, 5.159424781799316,
        5.173557758331299, 5.154313087463379, 4.962800979614258,
        4.973231792449951, 4.98829984664917, 4.984838962554932,
        4.9807257652282715, 4.967372894287109, 5.003150939941406,
        4.983649730682373, 4.961350917816162, 4.946238040924072,
        4.747201919555664, 4.744312763214111, 4.745355129241943,
        4.7537384033203125, 4.735635280609131, 4.747726917266846,
        4.612326622009277, 4.6365437507629395, 4.622236251831055,
        4.608438014984131, 4.597597599029541, 4.4050517082214355,
        4.38840913772583, 4.375711917877197, 4.37163782119751,
        4.373929500579834, 4.358699321746826, 4.345688819885254,
        4.321359157562256, 4.320279121398926, 4.3197712898254395,
        4.345180034637451, 4.340980052947998, 4.344399929046631,
        4.249223709106445, 4.242221832275391, 4.227132320404053,
        4.248194694519043, 4.244974613189697, 4.248310089111328,
        4.2544097900390625, 4.247270584106445, 4.231274127960205,
        4.125247955322266, 4.1254963874816895, 4.109582424163818,
        4.14069938659668, 4.1442155838012695, 4.169801235198975,
        4.194516181945801, 4.193943023681641, 4.18419885635376,
        4.083168983459473, 4.084327220916748, 4.072472095489502,
        4.061087131500244, 4.054393768310547, 4.044008731842041,
        4.013807773590088, 4.010098457336426, 4.018823623657227,
        4.024549961090088, 4.025449275970459, 4.026071548461914,
        3.9764022827148438, 3.957477569580078, 3.9572596549987793,
        3.9683845043182373, 3.9673912525177, 3.951833724975586,
        3.958139419555664, 3.9684767723083496, 4.022458076477051,
        4.000341415405273, 3.9968349933624268, 4.032834529876709,
        4.022980213165283, 4.015700817108154, 4.038909435272217,
        4.037350177764893, 4.0345072746276855, 4.017934799194336,
        4.011191368103027, 4.001972198486328, 4.019998550415039,
        3.998852014541626, 3.9800448417663574, 3.9834957122802734,
        3.954735040664673, 3.9552149772644043, 3.9635114669799805,
        4.000919818878174, 3.9906160831451416, 4.0052876472473145,
        4.010592937469482, 4.022385120391846, 4.061309337615967,
        4.070481300354004, 4.00076150894165, 4.012258529663086,
        4.016279697418213, 4.0245466232299805, 4.016312599182129
      ]
    }
  },
  {
    "RBS_20000_HL5": {
      "acc": [
        12.3, 11.6, 8.8, 7.9, 10.8, 10.6, 11.8, 12.0, 12.3, 12.2, 11.4, 12.0,
        12.8, 12.7, 12.4, 12.7, 12.6, 13.1, 14.0, 14.3, 14.4, 14.8, 14.9, 14.9,
        15.3, 15.4, 15.6, 15.5, 16.0, 16.5, 16.5, 16.8, 16.5, 16.9, 16.9, 17.0,
        17.0, 17.6, 17.3, 17.4, 17.2, 17.7, 17.7, 18.0, 18.4, 18.5, 18.6, 18.8,
        18.9, 19.0, 19.2, 18.9, 19.4, 19.6, 19.6, 19.8, 19.4, 19.9, 20.1, 20.5,
        20.6, 20.7, 20.9, 21.6, 21.9, 21.8, 22.2, 22.1, 22.6, 22.2, 22.0, 22.0,
        22.1, 21.5, 22.0, 22.0, 22.1, 22.5, 22.3, 22.5, 23.7, 23.5, 23.4, 23.6,
        24.1, 24.7, 24.7, 24.8, 24.7, 25.1, 25.0, 24.8, 25.1, 24.7, 25.3, 26.1,
        25.4, 26.0, 26.4, 26.2, 26.5, 26.8, 26.9, 27.0, 27.2, 27.2, 27.3, 27.6,
        27.5, 27.6, 27.6, 27.6, 27.5, 28.2, 28.3, 28.4, 28.7, 28.7, 28.9, 28.8,
        28.7, 28.9, 28.9, 28.5, 29.1, 29.7, 29.6, 29.5, 30.1, 30.1, 29.9, 30.9,
        31.4, 31.6, 31.7, 31.6, 31.0, 31.5, 31.6, 31.3, 31.3, 31.7, 31.3, 32.4,
        32.5, 32.1, 32.5, 32.6, 31.7, 32.2, 31.6, 32.1, 32.3, 32.5, 32.3, 32.2,
        32.6, 32.8, 32.8, 32.6, 33.1, 32.8, 33.0, 33.2, 33.7, 34.0, 34.1, 34.5,
        34.5, 34.3, 34.5, 34.9, 34.8, 35.4, 36.0, 36.2, 36.0, 36.5, 37.2, 37.2,
        37.3, 37.9, 37.7, 38.4, 38.8, 38.6, 39.2, 39.1, 39.1, 38.6, 38.7, 39.3,
        39.6, 39.5, 40.5, 40.5, 40.8, 41.4, 41.9, 41.6, 41.6, 41.6, 41.7, 41.9,
        41.4, 41.8, 42.5, 42.2, 42.7, 42.7, 42.5, 42.8, 42.8, 42.8, 43.0, 43.1,
        43.2, 43.2, 43.2, 43.1, 43.2, 43.0, 43.9, 44.2, 44.2, 44.9, 44.5, 43.9,
        44.7, 44.6, 44.1, 44.5, 44.1, 43.5, 42.9, 43.3, 44.2, 44.3, 44.3, 45.1,
        45.5, 44.9, 44.9, 45.8, 45.2, 45.6, 45.5, 45.1, 45.2, 45.4, 45.1, 45.2,
        45.3, 44.9, 45.4, 45.5, 45.6, 46.4, 45.9, 46.3, 46.6, 46.7, 46.4, 46.3,
        46.8, 47.1, 47.5, 47.5, 47.5, 47.3, 47.1, 47.9, 47.6, 47.2, 46.9, 47.2,
        48.0, 48.3, 48.7, 48.4, 48.8, 49.0, 48.8, 49.1, 49.0, 48.0, 48.6, 48.8,
        49.2, 49.4, 49.7, 50.0, 50.0, 50.1, 49.3, 49.6, 50.0, 50.5, 50.9, 50.9,
        51.1, 51.0, 51.3, 51.6, 51.7, 51.4, 51.7, 53.1, 53.0, 53.0, 52.8, 52.6,
        52.6, 53.4, 53.8, 53.7, 53.7, 53.5, 53.3, 54.1, 53.8, 53.6, 54.8, 54.8,
        55.6, 55.7, 55.5, 55.2, 55.1, 55.1, 55.0, 54.2, 53.1, 53.9, 53.9, 53.3,
        53.2, 53.4, 53.0, 53.3, 54.5, 54.2, 53.6, 54.2, 54.3, 54.1, 54.8, 54.5,
        55.2, 54.6, 54.7, 54.3, 55.3, 56.2, 55.9, 55.7, 55.2, 55.3, 55.4, 55.0,
        53.2, 54.1, 54.6, 53.8, 54.4, 54.4, 53.5, 53.6, 53.7, 53.8, 54.0, 54.1,
        54.0, 54.3, 54.2, 54.4, 53.9, 54.1, 53.9, 53.4, 53.2, 53.7, 53.8, 53.4,
        54.2, 54.4, 55.3, 55.3, 55.3, 54.7, 54.5
      ],
      "loss": [
        10.011348724365234, 10.239599227905273, 10.811857223510742,
        11.132672309875488, 10.697012901306152, 10.88764762878418,
        10.836128234863281, 10.994760513305664, 10.896851539611816,
        10.97335147857666, 11.20574951171875, 11.275383949279785,
        11.175600051879883, 11.215439796447754, 11.263672828674316,
        11.285773277282715, 11.460005760192871, 10.518778800964355,
        10.548593521118164, 10.62954330444336, 10.487217903137207,
        10.616134643554688, 10.655911445617676, 10.786857604980469,
        10.845587730407715, 10.730387687683105, 10.756699562072754,
        10.82373046875, 10.650981903076172, 10.71982192993164,
        10.797449111938477, 10.861736297607422, 10.89567756652832,
        10.979544639587402, 11.066452980041504, 11.11660099029541,
        11.14168643951416, 11.139524459838867, 11.193475723266602,
        10.709733009338379, 10.834102630615234, 10.706687927246094,
        10.754910469055176, 10.740551948547363, 10.823532104492188,
        10.72369384765625, 10.777190208435059, 10.804737091064453,
        10.858721733093262, 10.901313781738281, 10.95372486114502,
        10.95755672454834, 10.923739433288574, 10.947239875793457,
        10.91052532196045, 10.939401626586914, 10.336830139160156,
        9.764463424682617, 9.800622940063477, 9.87968635559082,
        9.93134593963623, 9.658137321472168, 9.701050758361816,
        9.676068305969238, 9.73021125793457, 9.318663597106934,
        9.131967544555664, 9.197356224060059, 9.184247970581055,
        9.26816463470459, 8.957507133483887, 8.986651420593262,
        9.043158531188965, 9.146292686462402, 9.15519905090332,
        9.222729682922363, 9.281683921813965, 9.247264862060547,
        9.04714584350586, 9.096158027648926, 9.048157691955566,
        9.161224365234375, 9.132871627807617, 9.142468452453613,
        9.131669998168945, 9.116410255432129, 9.16650390625, 9.23940372467041,
        9.313342094421387, 9.321244239807129, 9.359503746032715,
        9.22925853729248, 9.213932991027832, 9.268294334411621,
        9.212678909301758, 9.03216552734375, 9.124994277954102,
        9.096970558166504, 9.126198768615723, 9.149458885192871,
        9.12873649597168, 9.156187057495117, 9.197798728942871,
        8.983596801757812, 8.958002090454102, 8.978590965270996,
        8.87950611114502, 8.894441604614258, 8.905084609985352,
        8.920061111450195, 8.974273681640625, 8.953885078430176,
        8.994234085083008, 9.004122734069824, 9.050305366516113,
        9.02646541595459, 9.013239860534668, 9.018295288085938,
        8.808440208435059, 8.793646812438965, 8.834163665771484,
        8.831527709960938, 8.848962783813477, 8.869702339172363,
        8.853517532348633, 8.846156120300293, 8.875364303588867,
        8.850964546203613, 8.859349250793457, 8.897134780883789,
        8.896721839904785, 8.873641967773438, 8.867925643920898,
        8.864168167114258, 8.700348854064941, 8.710906982421875,
        8.735042572021484, 8.779641151428223, 8.756638526916504,
        8.766810417175293, 8.788721084594727, 8.792478561401367,
        8.503124237060547, 8.40149211883545, 8.3916015625, 8.356101989746094,
        8.343701362609863, 8.326351165771484, 8.446395874023438,
        8.433929443359375, 8.43346881866455, 8.456981658935547,
        8.464465141296387, 8.457746505737305, 8.451985359191895,
        8.463264465332031, 8.498541831970215, 8.458369255065918,
        8.407032012939453, 8.407088279724121, 8.427656173706055,
        8.214962005615234, 8.176993370056152, 8.183025360107422,
        8.202089309692383, 8.248753547668457, 8.13902759552002,
        8.150830268859863, 8.087331771850586, 8.079944610595703,
        7.833503246307373, 7.841770648956299, 7.660343647003174,
        7.626975059509277, 7.655529975891113, 7.638533592224121,
        7.672388076782227, 7.375150203704834, 7.148019790649414,
        7.135879993438721, 7.154923915863037, 7.003282070159912,
        6.95771598815918, 6.916975021362305, 6.9206061363220215,
        6.934665203094482, 6.931209087371826, 6.945728302001953,
        6.957066059112549, 6.999731540679932, 6.981845378875732,
        6.992110729217529, 7.009653091430664, 7.0477190017700195,
        6.979923725128174, 6.9910383224487305, 6.939392566680908,
        6.95536994934082, 6.95599365234375, 6.958609580993652,
        6.861485481262207, 6.678980827331543, 6.661657810211182,
        6.656116485595703, 6.664612770080566, 6.656264305114746,
        6.65369987487793, 6.6629509925842285, 6.640198230743408,
        6.640826225280762, 6.660412788391113, 6.628265380859375,
        6.603036403656006, 6.598618507385254, 6.60930061340332,
        6.6426920890808105, 6.63026762008667, 6.467765808105469,
        6.455945014953613, 6.4640703201293945, 6.440149307250977,
        6.423556804656982, 6.401030540466309, 6.39662504196167,
        6.390557765960693, 6.372040271759033, 6.245904445648193,
        6.233104705810547, 6.228872299194336, 6.241838455200195,
        6.269877910614014, 6.259765148162842, 6.262606620788574,
        6.2871503829956055, 6.177027225494385, 6.164797782897949,
        5.999667167663574, 5.990810871124268, 5.992037773132324,
        5.944576740264893, 5.946325302124023, 5.9740400314331055,
        5.911299705505371, 5.7606658935546875, 5.798616886138916,
        5.7759785652160645, 5.7962775230407715, 5.8136467933654785,
        5.8426337242126465, 5.831672191619873, 5.827157020568848,
        5.791542053222656, 5.785688877105713, 5.803301811218262,
        5.784255027770996, 5.789539813995361, 5.662430286407471,
        5.648318290710449, 5.637670993804932, 5.632592678070068,
        5.61821985244751, 5.632082939147949, 5.636898040771484,
        5.639077186584473, 5.635467052459717, 5.623332500457764,
        5.615146160125732, 5.619513511657715, 5.62518310546875,
        5.652221202850342, 5.670459747314453, 5.665476322174072,
        5.501818656921387, 5.465797424316406, 5.492075443267822,
        5.467769622802734, 5.447575092315674, 5.4311347007751465,
        5.428918838500977, 5.449361801147461, 5.423685073852539,
        5.319500923156738, 5.321732521057129, 5.208148002624512,
        5.192637920379639, 5.205531597137451, 5.180655002593994,
        5.15810489654541, 5.032814025878906, 5.056881427764893,
        5.068878650665283, 5.057814121246338, 5.053449630737305,
        5.041689395904541, 5.074680328369141, 5.079386234283447,
        5.058342456817627, 5.054957866668701, 4.866142749786377,
        4.848818778991699, 4.841177463531494, 4.858001708984375,
        4.835296630859375, 4.81335973739624, 4.643170356750488,
        4.664666652679443, 4.663887023925781, 4.62530517578125,
        4.626678943634033, 4.431365966796875, 4.416751384735107,
        4.4119720458984375, 4.401151180267334, 4.378203392028809,
        4.373406410217285, 4.367464065551758, 4.363160610198975,
        4.373577117919922, 4.383591651916504, 4.366262435913086,
        4.376465320587158, 4.387012481689453, 4.193958282470703,
        4.177830696105957, 4.1674485206604, 4.1598711013793945,
        4.146176815032959, 4.140815734863281, 4.150354385375977,
        4.136122703552246, 4.124551773071289, 4.030136585235596,
        4.018321990966797, 4.000233173370361, 4.040616035461426,
        4.059244632720947, 4.075159072875977, 4.0709686279296875,
        4.079971790313721, 4.067341327667236, 3.935300350189209,
        3.9394383430480957, 3.9397127628326416, 3.931696653366089,
        3.9095113277435303, 3.9056293964385986, 3.8928029537200928,
        3.8975830078125, 3.9008378982543945, 3.9048662185668945,
        3.900613307952881, 3.9094831943511963, 3.8496363162994385,
        3.843320608139038, 3.8380863666534424, 3.838663101196289,
        3.851238489151001, 3.8545408248901367, 3.859362840652466,
        3.866847038269043, 3.925459861755371, 3.890249013900757,
        3.8846044540405273, 3.911433219909668, 3.888664960861206,
        3.8778176307678223, 3.902456760406494, 3.9050498008728027,
        3.8877882957458496, 3.8797664642333984, 3.8583076000213623,
        3.8451199531555176, 3.8629086017608643, 3.8398277759552,
        3.831911325454712, 3.831796407699585, 3.8576197624206543,
        3.8529858589172363, 3.845172166824341, 3.852370262145996,
        3.8455536365509033, 3.831580638885498, 3.833219289779663,
        3.8393166065216064, 3.8447155952453613, 3.844036102294922,
        3.7758288383483887, 3.7924516201019287, 3.789026975631714,
        3.8099772930145264, 3.8146777153015137
      ]
    }
  },
  {
    "RBS_20000_HL6": {
      "acc": [
        12.0, 12.5, 10.5, 9.6, 10.4, 10.3, 10.8, 11.3, 12.3, 12.4, 11.8, 12.0,
        12.8, 12.5, 12.5, 13.1, 12.6, 13.3, 13.6, 13.7, 14.1, 14.4, 14.7, 14.8,
        15.3, 15.2, 15.7, 16.0, 16.5, 16.5, 17.0, 17.1, 16.9, 17.2, 17.1, 17.6,
        17.4, 17.8, 17.8, 17.4, 17.3, 18.4, 18.4, 18.3, 18.3, 18.6, 19.0, 19.0,
        19.2, 19.6, 20.0, 20.2, 20.3, 20.4, 20.1, 19.9, 20.0, 20.7, 21.1, 20.9,
        21.3, 21.3, 21.5, 21.7, 22.1, 22.3, 22.5, 22.3, 23.3, 23.3, 22.9, 22.9,
        22.4, 22.5, 22.9, 22.8, 22.6, 23.7, 23.5, 23.8, 24.1, 24.1, 24.0, 24.2,
        24.5, 24.6, 24.9, 25.2, 25.2, 24.9, 24.5, 25.1, 25.3, 25.1, 25.8, 26.3,
        25.8, 26.5, 26.8, 26.9, 27.1, 27.1, 27.1, 27.4, 27.5, 27.5, 28.1, 27.7,
        28.1, 28.6, 28.8, 29.3, 29.2, 29.3, 28.9, 29.1, 29.1, 29.1, 28.7, 29.0,
        29.3, 29.3, 29.6, 29.8, 30.1, 30.1, 30.2, 30.3, 30.3, 29.9, 30.0, 30.5,
        30.6, 30.6, 30.4, 30.5, 30.5, 30.9, 31.1, 31.2, 30.7, 30.9, 30.9, 31.3,
        32.4, 32.6, 32.4, 32.6, 32.3, 32.9, 33.0, 33.0, 33.4, 33.6, 33.8, 33.7,
        33.6, 34.0, 34.5, 34.5, 34.2, 34.1, 34.6, 34.4, 35.3, 35.2, 34.9, 34.9,
        35.1, 35.0, 35.3, 35.8, 36.2, 36.8, 36.5, 37.2, 36.9, 37.6, 36.7, 36.3,
        36.6, 36.9, 37.8, 38.1, 37.8, 38.1, 38.4, 38.5, 39.0, 39.3, 39.3, 39.3,
        39.6, 39.4, 40.0, 40.0, 40.6, 41.0, 41.4, 41.5, 41.3, 41.1, 40.8, 41.2,
        41.0, 40.8, 40.9, 40.9, 41.0, 40.9, 40.9, 40.8, 41.3, 41.6, 41.7, 41.4,
        42.5, 42.2, 41.8, 41.8, 42.5, 42.6, 43.6, 43.3, 43.6, 43.8, 43.2, 43.0,
        43.4, 43.1, 43.0, 43.4, 43.5, 43.1, 42.6, 42.8, 42.8, 43.0, 43.0, 43.2,
        43.0, 43.4, 43.6, 44.0, 44.2, 43.8, 44.4, 44.2, 43.8, 44.2, 43.6, 44.1,
        44.0, 44.4, 45.0, 45.4, 45.7, 46.1, 46.1, 46.0, 46.2, 46.2, 46.1, 46.2,
        46.8, 47.0, 47.3, 47.0, 47.4, 46.9, 47.1, 47.0, 47.5, 46.6, 46.7, 46.9,
        47.3, 47.3, 47.7, 47.4, 47.8, 48.2, 48.3, 48.3, 48.4, 48.2, 48.3, 48.5,
        48.8, 48.4, 48.6, 48.9, 49.3, 49.5, 49.1, 49.0, 49.5, 49.4, 50.6, 50.0,
        50.1, 49.9, 49.9, 50.3, 51.3, 50.3, 50.7, 51.6, 51.2, 50.6, 50.6, 51.2,
        51.2, 51.7, 51.7, 51.8, 51.9, 51.2, 51.4, 52.3, 52.4, 52.4, 52.8, 52.9,
        53.6, 53.7, 53.9, 54.0, 53.2, 53.6, 53.6, 54.2, 53.7, 53.8, 53.7, 52.9,
        53.0, 53.1, 53.8, 53.9, 54.7, 54.4, 54.7, 55.0, 55.6, 55.4, 55.5, 54.7,
        54.9, 54.9, 54.8, 54.7, 55.5, 55.6, 55.5, 55.9, 55.8, 55.8, 55.8, 55.6,
        54.6, 54.9, 54.0, 53.9, 54.2, 54.5, 54.1, 54.4, 54.8, 54.4, 54.3, 54.1,
        53.2, 53.9, 53.9, 53.7, 54.6, 54.6, 54.6, 54.9, 55.1, 55.4, 55.4, 55.8,
        55.2, 54.7, 55.5, 55.2, 55.1, 54.9, 55.0
      ],
      "loss": [
        10.088549613952637, 10.171451568603516, 10.57674503326416,
        10.933306694030762, 10.842719078063965, 11.016397476196289,
        10.820243835449219, 11.104722023010254, 11.040443420410156,
        11.1583833694458, 11.32699203491211, 11.379237174987793,
        11.11091423034668, 11.208221435546875, 11.326458930969238,
        11.298381805419922, 11.517316818237305, 10.982396125793457,
        11.117168426513672, 11.258925437927246, 11.274702072143555,
        11.364194869995117, 11.311493873596191, 11.475664138793945,
        11.544157981872559, 11.583759307861328, 11.508505821228027,
        11.56696605682373, 10.622915267944336, 10.520645141601562,
        10.599841117858887, 10.765762329101562, 10.850906372070312,
        10.905732154846191, 11.05111026763916, 11.065503120422363,
        11.094959259033203, 11.11153793334961, 11.176467895507812,
        10.98601245880127, 11.071754455566406, 10.940327644348145,
        10.934975624084473, 10.996186256408691, 11.107300758361816,
        11.145613670349121, 11.103384017944336, 11.027303695678711,
        11.140657424926758, 11.153287887573242, 11.139172554016113,
        11.116826057434082, 11.106884002685547, 11.160717964172363,
        11.195923805236816, 11.26923942565918, 10.831578254699707,
        10.418628692626953, 10.433860778808594, 10.478316307067871,
        10.521435737609863, 10.197667121887207, 10.233000755310059,
        10.256327629089355, 10.252817153930664, 10.02650260925293,
        9.888839721679688, 9.936193466186523, 9.83544635772705,
        9.947999000549316, 9.479735374450684, 9.476865768432617,
        9.635072708129883, 9.673928260803223, 9.686755180358887,
        9.770072937011719, 9.775833129882812, 9.739444732666016,
        9.550309181213379, 9.58852481842041, 9.571405410766602,
        9.73710823059082, 9.711280822753906, 9.786834716796875,
        9.777191162109375, 9.782851219177246, 9.826313972473145,
        9.869803428649902, 9.921104431152344, 9.990912437438965,
        10.043789863586426, 9.819903373718262, 9.795205116271973,
        9.860305786132812, 9.803646087646484, 9.743042945861816,
        9.838701248168945, 9.791850090026855, 9.816119194030762,
        9.866031646728516, 9.845693588256836, 9.883028984069824,
        9.927863121032715, 9.587458610534668, 9.551602363586426,
        9.600369453430176, 9.469651222229004, 9.460309982299805,
        9.49569320678711, 9.50795841217041, 9.554352760314941,
        9.485028266906738, 9.507898330688477, 9.54664421081543,
        9.581377983093262, 9.612611770629883, 9.608510971069336,
        9.614051818847656, 9.03022575378418, 8.952803611755371,
        8.972676277160645, 8.966775894165039, 8.990285873413086,
        8.98586654663086, 9.02133560180664, 9.046843528747559,
        9.074237823486328, 9.07045841217041, 9.058305740356445,
        9.090767860412598, 9.104902267456055, 9.0308837890625,
        9.032303810119629, 9.031867980957031, 8.770549774169922,
        8.831827163696289, 8.762504577636719, 8.80351734161377, 8.7805757522583,
        8.797401428222656, 8.824297904968262, 8.835099220275879,
        8.503957748413086, 8.440303802490234, 8.414155006408691,
        8.395678520202637, 8.392596244812012, 8.413474082946777,
        8.46085262298584, 8.4570951461792, 8.469884872436523, 8.518342971801758,
        8.522987365722656, 8.548177719116211, 8.521120071411133,
        8.551346778869629, 8.594307899475098, 8.572093963623047,
        8.522869110107422, 8.53486442565918, 8.555904388427734,
        8.270502090454102, 8.221426963806152, 8.239256858825684,
        8.30461597442627, 8.345293998718262, 8.019266128540039,
        7.986022472381592, 7.986587047576904, 7.9998931884765625,
        7.861227512359619, 7.869581699371338, 7.767106533050537,
        7.746575832366943, 7.782887935638428, 7.754014015197754,
        7.732343673706055, 7.596380710601807, 7.410708427429199,
        7.4231767654418945, 7.4384918212890625, 7.25784969329834,
        7.165902137756348, 7.157914161682129, 7.152100563049316,
        7.1647419929504395, 7.172654628753662, 7.179945945739746,
        7.1705098152160645, 7.20639181137085, 7.203544616699219,
        7.205269813537598, 7.224922180175781, 7.283745288848877,
        7.213772296905518, 7.233003616333008, 7.199295520782471,
        7.179296970367432, 7.165548801422119, 7.169519424438477,
        7.091251373291016, 6.856860637664795, 6.856838226318359,
        6.847877502441406, 6.864415645599365, 6.87901496887207,
        6.849564075469971, 6.861093044281006, 6.858394622802734,
        6.859571933746338, 6.876816749572754, 6.882410049438477,
        6.8472795486450195, 6.843214988708496, 6.851831912994385,
        6.890633583068848, 6.87532901763916, 6.738650798797607,
        6.720705509185791, 6.7716498374938965, 6.721940994262695,
        6.715497970581055, 6.71097469329834, 6.729651927947998,
        6.714450359344482, 6.685324192047119, 6.575446128845215,
        6.536149978637695, 6.498880863189697, 6.486471652984619,
        6.509197235107422, 6.495323657989502, 6.488626956939697,
        6.530460834503174, 6.334717273712158, 6.335391521453857,
        6.117367267608643, 6.094476222991943, 6.083082675933838,
        6.074491024017334, 6.05602502822876, 6.0649871826171875,
        6.0377092361450195, 5.888718128204346, 5.877594470977783,
        5.87689733505249, 5.876411437988281, 5.888928413391113,
        5.925719738006592, 5.9353179931640625, 5.962916374206543,
        5.945947647094727, 5.925405025482178, 5.914206504821777,
        5.889893054962158, 5.883031845092773, 5.7504496574401855,
        5.733294486999512, 5.740260601043701, 5.738180160522461,
        5.7270708084106445, 5.727986812591553, 5.737896919250488,
        5.7369232177734375, 5.720901012420654, 5.710239410400391,
        5.703469753265381, 5.69275426864624, 5.694255828857422,
        5.717706203460693, 5.722336769104004, 5.728668689727783,
        5.599725246429443, 5.595134735107422, 5.664674282073975,
        5.639291286468506, 5.571718692779541, 5.582986831665039,
        5.559357166290283, 5.571913242340088, 5.541561126708984,
        5.386579990386963, 5.36919641494751, 5.2414679527282715,
        5.245745658874512, 5.27975606918335, 5.255123615264893,
        5.239503860473633, 5.064318656921387, 5.061338901519775,
        5.048516750335693, 5.035220146179199, 5.031086444854736,
        5.024967670440674, 5.052571773529053, 5.055228233337402,
        5.0515851974487305, 5.047985076904297, 4.832431316375732,
        4.819016933441162, 4.822808742523193, 4.827707767486572,
        4.8034491539001465, 4.785457134246826, 4.62558650970459,
        4.658897876739502, 4.653505325317383, 4.627781391143799,
        4.62752628326416, 4.526314735412598, 4.509169101715088,
        4.4877400398254395, 4.470483779907227, 4.450253486633301,
        4.419613361358643, 4.408522129058838, 4.41457986831665,
        4.440969944000244, 4.439226150512695, 4.411336421966553,
        4.410666465759277, 4.411043167114258, 4.276143550872803,
        4.252054214477539, 4.228314399719238, 4.228665351867676,
        4.219517230987549, 4.226712226867676, 4.237341403961182,
        4.226547718048096, 4.210010051727295, 4.081308841705322,
        4.0728912353515625, 4.057290077209473, 4.087078094482422,
        4.12458610534668, 4.125057220458984, 4.1395263671875, 4.117609977722168,
        4.105559349060059, 3.9267613887786865, 3.9140264987945557,
        3.9085371494293213, 3.8924310207366943, 3.8804421424865723,
        3.8825788497924805, 3.8773603439331055, 3.8973615169525146,
        3.900597333908081, 3.8874244689941406, 3.86439847946167,
        3.872582197189331, 3.8434946537017822, 3.8374929428100586,
        3.824228286743164, 3.826096296310425, 3.833899736404419,
        3.8139243125915527, 3.798685312271118, 3.7973570823669434,
        3.8418068885803223, 3.838127613067627, 3.860783576965332,
        3.8788223266601562, 3.8750619888305664, 3.8683907985687256,
        3.879704713821411, 3.8702192306518555, 3.8609893321990967,
        3.863629102706909, 3.862401008605957, 3.8533928394317627,
        3.855775833129883, 3.8326478004455566, 3.8271749019622803,
        3.839836835861206, 3.810598134994507, 3.804229497909546,
        3.8146233558654785, 3.8295657634735107, 3.8203377723693848,
        3.812587261199951, 3.8098316192626953, 3.8163883686065674,
        3.843240261077881, 3.8651726245880127, 3.8192243576049805,
        3.8329904079437256, 3.8337764739990234, 3.8541717529296875,
        3.8502423763275146
      ]
    }
  }
]