[
  {
    "RBS_15000": {
      "acc": [
        12.2, 11.2, 10.4, 9.8, 10.6, 10.5, 11.5, 11.8, 12.1, 12.4, 12.1, 12.4,
        12.5, 12.5, 12.8, 13.0, 12.9, 13.5, 14.4, 14.6, 15.0, 15.2, 15.3, 15.5,
        15.5, 15.8, 15.9, 16.1, 16.3, 16.8, 17.0, 17.1, 17.3, 17.2, 17.4, 17.6,
        18.0, 18.1, 18.3, 18.5, 18.7, 18.9, 18.9, 19.1, 19.2, 19.3, 19.5, 19.6,
        19.6, 19.7, 19.9, 19.8, 19.9, 20.0, 20.0, 19.9, 20.8, 20.9, 21.0, 21.2,
        21.2, 21.1, 21.6, 21.8, 22.0, 21.8, 22.2, 22.4, 23.0, 22.9, 22.9, 23.0,
        23.1, 23.3, 23.3, 23.3, 23.7, 24.1, 23.8, 23.8, 24.1, 23.9, 24.0, 24.1,
        24.6, 24.7, 25.0, 25.3, 25.4, 25.3, 25.4, 25.6, 25.8, 25.5, 25.7, 26.0,
        25.9, 26.4, 26.5, 26.6, 26.7, 26.8, 26.9, 27.0, 27.2, 27.1, 27.7, 27.7,
        27.7, 27.6, 27.5, 28.3, 28.1, 28.2, 28.2, 28.3, 28.4, 28.5, 29.1, 29.3,
        29.3, 29.1, 29.7, 29.8, 29.8, 29.8, 30.1, 30.2, 30.5, 30.1, 30.3, 30.7,
        31.4, 31.3, 31.3, 31.4, 31.2, 31.6, 31.5, 31.8, 31.7, 31.9, 31.1, 31.1,
        31.2, 31.6, 31.6, 31.8, 31.6, 31.8, 31.8, 32.5, 32.2, 32.6, 32.6, 32.9,
        33.0, 33.3, 33.7, 33.7, 33.7, 33.8, 34.0, 34.2, 35.0, 35.2, 35.2, 35.2,
        35.4, 35.4, 35.0, 35.3, 34.8, 34.9, 35.5, 36.0, 36.1, 36.2, 36.1, 36.7,
        37.2, 36.9, 37.2, 37.4, 37.3, 37.3, 37.7, 38.0, 38.1, 38.4, 38.6, 38.4,
        38.6, 38.6, 39.6, 39.4, 39.6, 40.1, 39.8, 40.0, 39.7, 40.2, 40.3, 40.6,
        40.7, 40.3, 40.6, 40.7, 40.6, 40.9, 40.9, 40.6, 40.9, 41.1, 41.2, 41.5,
        41.7, 41.4, 42.1, 41.9, 42.1, 41.9, 42.5, 42.5, 42.6, 43.3, 43.0, 42.8,
        43.6, 43.5, 43.4, 43.2, 43.0, 42.7, 42.3, 42.6, 42.7, 42.7, 42.6, 42.4,
        42.6, 42.4, 43.2, 42.8, 42.8, 43.4, 43.3, 43.4, 43.4, 43.5, 43.4, 43.6,
        43.5, 43.9, 44.2, 44.5, 45.4, 45.6, 45.4, 45.9, 45.8, 45.7, 45.7, 45.8,
        45.7, 46.1, 46.1, 45.8, 45.8, 45.7, 45.8, 45.8, 46.3, 46.4, 45.9, 46.6,
        46.8, 47.4, 47.5, 47.5, 47.2, 47.5, 48.0, 47.0, 47.2, 46.6, 46.2, 46.3,
        46.9, 47.1, 47.4, 47.6, 48.1, 48.5, 48.0, 48.2, 48.3, 49.1, 48.6, 49.0,
        48.9, 48.8, 48.7, 48.5, 48.4, 48.5, 48.4, 48.3, 48.4, 48.5, 49.1, 48.9,
        49.0, 49.0, 49.5, 49.2, 49.6, 49.7, 49.8, 49.6, 49.7, 49.9, 50.5, 50.8,
        50.6, 51.0, 51.2, 50.6, 50.6, 50.7, 51.0, 50.9, 51.3, 51.2, 51.1, 51.3,
        51.4, 51.5, 51.2, 51.1, 50.4, 51.0, 51.0, 51.4, 51.5, 51.8, 51.9, 51.8,
        51.8, 51.8, 51.0, 51.2, 51.8, 52.4, 52.1, 51.7, 51.9, 51.2, 51.6, 51.8,
        51.4, 50.9, 50.8, 50.2, 50.1, 50.1, 50.2, 50.1, 50.2, 50.2, 50.4, 50.3,
        50.2, 50.7, 50.4, 50.7, 49.8, 49.8, 50.0, 49.9, 50.2, 49.9, 50.2, 49.8,
        49.8, 49.7, 49.5, 49.3, 49.4, 49.4, 49.5
      ],
      "loss": [
        10.040410041809082, 10.302433967590332, 10.520464897155762,
        10.656929969787598, 10.698099136352539, 10.777436256408691,
        10.598921775817871, 10.652671813964844, 10.6654052734375,
        10.745659828186035, 10.88692569732666, 10.924468040466309,
        10.968273162841797, 10.9918212890625, 11.063742637634277,
        11.113910675048828, 11.176886558532715, 10.929021835327148,
        10.908906936645508, 10.955902099609375, 10.994684219360352,
        11.050028800964355, 11.05494213104248, 11.11352825164795,
        11.155145645141602, 11.168512344360352, 11.18758487701416,
        11.22673511505127, 10.647268295288086, 10.691479682922363,
        10.747788429260254, 10.793682098388672, 10.878786087036133,
        10.92792797088623, 10.971939086914062, 11.043815612792969,
        11.128774642944336, 11.193931579589844, 11.26424503326416,
        10.955153465270996, 11.001194953918457, 10.992659568786621,
        11.030303001403809, 11.044717788696289, 11.070845603942871,
        11.11149787902832, 11.128386497497559, 11.15022087097168,
        11.194790840148926, 11.220948219299316, 11.244611740112305,
        11.255722045898438, 11.286568641662598, 11.312379837036133,
        11.338101387023926, 11.368584632873535, 10.854599952697754,
        10.471776962280273, 10.504374504089355, 10.557299613952637,
        10.608356475830078, 10.473542213439941, 10.503889083862305,
        10.46251392364502, 10.499143600463867, 10.463881492614746,
        10.347203254699707, 10.367731094360352, 10.340023040771484,
        10.361961364746094, 10.111023902893066, 10.097777366638184,
        10.11987018585205, 10.14340877532959, 10.14804744720459,
        10.174469947814941, 10.214632034301758, 10.22421932220459,
        10.0885648727417, 10.098859786987305, 10.11451530456543,
        10.153182029724121, 10.140745162963867, 10.167612075805664,
        10.182130813598633, 10.192362785339355, 10.219696044921875,
        10.261797904968262, 10.270881652832031, 10.297030448913574,
        10.358356475830078, 10.228342056274414, 10.243853569030762,
        10.28120231628418, 10.275583267211914, 10.221024513244629,
        10.274216651916504, 10.280567169189453, 10.292962074279785,
        10.30638599395752, 10.344250679016113, 10.372123718261719,
        10.399030685424805, 10.002436637878418, 10.012102127075195,
        10.012913703918457, 9.981450080871582, 9.999123573303223,
        10.028026580810547, 10.030989646911621, 10.067625999450684,
        10.050467491149902, 10.057772636413574, 10.069295883178711,
        10.089282035827637, 10.081062316894531, 10.08321762084961,
        10.079150199890137, 9.59501838684082, 9.60107135772705,
        9.635037422180176, 9.635848045349121, 9.647761344909668,
        9.644491195678711, 9.652478218078613, 9.667288780212402,
        9.677606582641602, 9.689724922180176, 9.697553634643555,
        9.743242263793945, 9.748137474060059, 9.707832336425781,
        9.698243141174316, 9.705046653747559, 9.440299034118652,
        9.41401195526123, 9.41933536529541, 9.437708854675293,
        9.449736595153809, 9.467513084411621, 9.479715347290039,
        9.490055084228516, 9.213186264038086, 9.144177436828613,
        9.114690780639648, 9.100825309753418, 9.121429443359375,
        9.088113784790039, 9.089884757995605, 9.098389625549316,
        9.103431701660156, 9.119146347045898, 9.110159873962402,
        9.111568450927734, 9.121844291687012, 9.145668029785156,
        9.191991806030273, 9.168622970581055, 9.1213960647583,
        9.122740745544434, 9.145181655883789, 8.946577072143555,
        8.921890258789062, 8.934343338012695, 8.963404655456543,
        8.975655555725098, 8.710417747497559, 8.683891296386719,
        8.685938835144043, 8.688901901245117, 8.485658645629883,
        8.486753463745117, 8.222408294677734, 8.225750923156738,
        8.224126815795898, 8.237336158752441, 8.234477996826172,
        8.099281311035156, 8.011147499084473, 8.030900001525879,
        8.040740966796875, 7.927966117858887, 7.878180027008057,
        7.853395938873291, 7.863376140594482, 7.871893405914307,
        7.855020523071289, 7.867307186126709, 7.867607116699219,
        7.888627529144287, 7.886204719543457, 7.891672134399414,
        7.895875453948975, 7.924256324768066, 7.877209186553955,
        7.879982948303223, 7.85328483581543, 7.868378162384033,
        7.871459484100342, 7.86980676651001, 7.607642650604248,
        7.410670280456543, 7.405026435852051, 7.392172336578369,
        7.387537479400635, 7.38847017288208, 7.370926856994629,
        7.368910312652588, 7.3771867752075195, 7.381174564361572,
        7.385229587554932, 7.38623571395874, 7.369851112365723,
        7.36775541305542, 7.376783847808838, 7.365643501281738,
        7.370814323425293, 7.1810455322265625, 7.174345016479492,
        7.18449068069458, 7.1747846603393555, 7.177089214324951,
        7.181332111358643, 7.176224708557129, 7.1565046310424805,
        7.147676944732666, 6.959184169769287, 6.917562007904053,
        6.895592212677002, 6.894277572631836, 6.892472743988037,
        6.900833606719971, 6.908340930938721, 6.941508769989014,
        6.7356438636779785, 6.7032246589660645, 6.609246253967285,
        6.6001787185668945, 6.599052906036377, 6.595654487609863,
        6.591331481933594, 6.5906267166137695, 6.579151153564453,
        6.4596028327941895, 6.439269065856934, 6.440178871154785,
        6.438445091247559, 6.437311172485352, 6.45719051361084,
        6.463529586791992, 6.460809230804443, 6.471329212188721,
        6.476856231689453, 6.487016201019287, 6.48715877532959,
        6.475147724151611, 6.065325736999512, 6.053033828735352,
        6.068268299102783, 6.063024997711182, 6.044337272644043,
        6.050202369689941, 6.051699638366699, 6.0528340339660645,
        6.038347244262695, 6.041984558105469, 6.031768798828125,
        6.029201507568359, 6.026106357574463, 6.038500785827637,
        6.04805326461792, 6.048763751983643, 5.862174987792969,
        5.823550224304199, 5.840102195739746, 5.826620101928711,
        5.8031110763549805, 5.796230792999268, 5.79529333114624,
        5.795356273651123, 5.7835211753845215, 5.604183673858643,
        5.589856147766113, 5.524095058441162, 5.513256549835205,
        5.524256706237793, 5.51519775390625, 5.508215427398682,
        5.349298477172852, 5.344081878662109, 5.336747169494629,
        5.337451457977295, 5.334026336669922, 5.339262962341309,
        5.334601879119873, 5.315091609954834, 5.304208755493164,
        5.302490711212158, 5.173115253448486, 5.172341346740723,
        5.170309543609619, 5.172720909118652, 5.175568103790283,
        5.17218017578125, 4.967317581176758, 4.973769187927246,
        4.983797550201416, 4.97714900970459, 4.9668049812316895,
        4.850707054138184, 4.818429470062256, 4.8180832862854, 4.81301736831665,
        4.812772750854492, 4.797887325286865, 4.808984756469727,
        4.783544063568115, 4.773832321166992, 4.772561550140381,
        4.783054828643799, 4.790400981903076, 4.786888599395752,
        4.636778831481934, 4.616024017333984, 4.600512504577637,
        4.586293697357178, 4.578534126281738, 4.580387592315674,
        4.604069709777832, 4.60120964050293, 4.589920520782471,
        4.394500255584717, 4.38203239440918, 4.383212566375732, 4.3984375,
        4.405503749847412, 4.40478515625, 4.4173808097839355, 4.410403251647949,
        4.395071983337402, 4.264545440673828, 4.243582725524902,
        4.230572700500488, 4.2189226150512695, 4.212649822235107,
        4.205509185791016, 4.194194316864014, 4.192727088928223,
        4.1883063316345215, 4.1841301918029785, 4.183631420135498,
        4.18380880355835, 4.159551620483398, 4.150123596191406,
        4.15084981918335, 4.160000801086426, 4.165087699890137,
        4.171133041381836, 4.156372547149658, 4.166731357574463,
        4.197805881500244, 4.199488639831543, 4.223998069763184,
        4.23426628112793, 4.243810653686523, 4.2448883056640625,
        4.247847557067871, 4.243505477905273, 4.2385663986206055,
        4.244044780731201, 4.235598087310791, 4.234469890594482,
        4.241616725921631, 4.218904972076416, 4.212435722351074,
        4.2044196128845215, 4.215044975280762, 4.2197113037109375,
        4.213832378387451, 4.2310075759887695, 4.217187881469727,
        4.22219705581665, 4.2184319496154785, 4.22578763961792,
        4.247733116149902, 4.261135578155518, 4.234999179840088,
        4.227869510650635, 4.228065013885498, 4.244507312774658,
        4.2378129959106445
      ]
    }
  },
  {
    "RBS_15000_HL1": {
      "acc": [
        11.9, 11.4, 10.8, 10.3, 10.7, 11.0, 11.9, 12.4, 12.5, 12.7, 12.4, 12.5,
        12.8, 13.3, 13.5, 13.5, 13.4, 13.4, 14.2, 14.5, 14.9, 15.3, 15.6, 15.6,
        15.9, 16.2, 16.0, 16.3, 16.7, 16.7, 17.0, 17.1, 17.1, 17.4, 17.5, 17.7,
        17.6, 17.7, 17.7, 17.9, 18.1, 18.4, 18.5, 18.5, 18.3, 18.5, 18.5, 18.7,
        19.2, 19.4, 19.6, 19.4, 19.6, 19.7, 19.9, 19.9, 21.2, 21.1, 21.2, 21.6,
        21.9, 22.0, 22.4, 22.9, 22.9, 22.9, 22.8, 23.0, 23.3, 23.3, 23.2, 23.3,
        23.2, 23.3, 23.3, 23.6, 23.5, 24.1, 24.1, 24.2, 24.7, 25.1, 25.0, 25.2,
        25.5, 25.7, 25.9, 26.0, 26.2, 26.5, 25.8, 26.2, 26.3, 25.8, 25.8, 26.7,
        26.9, 27.0, 26.9, 27.4, 27.3, 27.3, 27.5, 27.7, 27.6, 27.6, 27.9, 28.1,
        28.3, 28.1, 28.3, 29.1, 28.9, 28.9, 29.0, 29.3, 29.3, 29.3, 29.8, 29.8,
        29.6, 29.9, 30.1, 30.0, 30.2, 30.4, 30.4, 30.5, 30.4, 30.3, 30.4, 30.7,
        30.8, 30.9, 30.4, 30.9, 31.0, 31.0, 31.1, 31.1, 31.2, 31.2, 31.6, 32.0,
        32.3, 32.2, 31.9, 32.7, 32.5, 32.4, 32.1, 32.2, 32.5, 32.6, 32.5, 32.5,
        32.9, 33.1, 32.9, 33.3, 33.6, 33.3, 33.3, 33.8, 34.3, 34.6, 34.7, 34.8,
        34.9, 34.8, 35.0, 35.5, 35.3, 36.0, 36.2, 36.5, 36.3, 36.0, 36.7, 36.9,
        36.9, 37.3, 37.6, 37.4, 37.6, 37.9, 38.1, 38.2, 38.4, 38.6, 38.7, 38.9,
        39.2, 39.0, 39.5, 39.8, 40.2, 40.7, 40.7, 40.7, 40.4, 40.1, 40.2, 39.7,
        39.3, 39.0, 39.8, 39.8, 40.0, 40.4, 40.6, 40.3, 40.7, 40.6, 41.0, 41.2,
        41.2, 41.7, 41.4, 41.5, 41.5, 41.9, 42.2, 42.5, 42.7, 42.7, 42.3, 42.3,
        42.7, 42.4, 42.0, 42.4, 42.6, 42.6, 42.4, 42.4, 42.6, 42.9, 42.6, 42.7,
        43.0, 43.2, 43.3, 43.2, 43.8, 43.8, 44.0, 43.9, 43.5, 43.6, 43.6, 43.7,
        44.2, 44.3, 44.8, 45.2, 44.7, 45.0, 45.3, 45.6, 45.7, 45.9, 45.6, 45.0,
        45.1, 45.5, 46.0, 46.1, 46.1, 45.8, 45.9, 45.9, 45.7, 45.9, 45.8, 46.3,
        46.5, 46.8, 47.0, 47.3, 47.2, 47.3, 47.1, 47.1, 47.2, 47.1, 47.9, 47.6,
        48.2, 48.2, 48.4, 48.7, 48.5, 48.6, 48.8, 49.1, 49.3, 49.3, 50.0, 49.8,
        49.9, 49.8, 50.0, 50.0, 49.8, 49.3, 49.2, 49.7, 49.6, 49.4, 49.3, 49.2,
        49.9, 50.0, 50.5, 50.1, 50.3, 50.3, 50.6, 51.1, 50.8, 51.3, 51.4, 51.7,
        52.0, 52.0, 52.0, 51.1, 50.7, 50.3, 50.8, 50.5, 50.7, 51.0, 50.6, 51.0,
        50.6, 50.8, 50.6, 50.5, 51.4, 52.3, 52.4, 52.7, 52.9, 52.8, 52.9, 52.9,
        53.1, 52.8, 52.0, 52.2, 53.0, 52.8, 52.8, 52.6, 53.4, 53.3, 53.3, 53.2,
        52.1, 51.4, 51.2, 50.5, 50.7, 50.7, 50.9, 50.9, 51.2, 51.0, 50.9, 51.0,
        51.3, 51.4, 51.2, 51.5, 51.4, 51.7, 51.4, 51.7, 51.7, 51.3, 51.6, 51.7,
        51.3, 50.6, 51.6, 51.6, 51.7, 51.0, 51.1
      ],
      "loss": [
        9.87491512298584, 10.089383125305176, 10.24820613861084,
        10.432104110717773, 10.465869903564453, 10.538850784301758,
        10.489849090576172, 10.490108489990234, 10.508420944213867,
        10.531517028808594, 10.637928009033203, 10.703644752502441,
        10.773818969726562, 10.821601867675781, 10.856573104858398,
        10.907468795776367, 10.954567909240723, 10.657930374145508,
        10.621109962463379, 10.652347564697266, 10.600879669189453,
        10.702198028564453, 10.741253852844238, 10.80156421661377,
        10.817975997924805, 10.72037124633789, 10.765909194946289,
        10.832014083862305, 10.48703670501709, 10.525548934936523,
        10.5858736038208, 10.62430477142334, 10.709782600402832,
        10.803582191467285, 10.844656944274902, 10.914484024047852,
        10.996124267578125, 11.0437650680542, 11.12187671661377,
        11.067004203796387, 11.141837120056152, 11.153890609741211,
        11.145511627197266, 11.18330192565918, 11.227195739746094,
        11.186212539672852, 11.242697715759277, 11.235574722290039,
        11.237610816955566, 11.260602951049805, 11.284310340881348,
        11.301063537597656, 11.312115669250488, 11.333078384399414,
        11.33786678314209, 11.3125, 10.754399299621582, 10.442301750183105,
        10.47683048248291, 10.517913818359375, 10.585761070251465,
        10.408629417419434, 10.421907424926758, 10.398551940917969,
        10.434004783630371, 10.299572944641113, 9.841500282287598,
        9.877727508544922, 9.910311698913574, 9.985101699829102,
        9.876725196838379, 9.930523872375488, 9.990696907043457,
        10.028090476989746, 10.04127311706543, 10.105886459350586,
        10.132803916931152, 10.116273880004883, 9.751142501831055,
        9.777666091918945, 9.787330627441406, 9.815387725830078,
        9.824568748474121, 9.84728717803955, 9.871045112609863,
        9.853082656860352, 9.841465950012207, 9.865885734558105,
        9.897421836853027, 9.934762954711914, 9.985106468200684,
        9.638321876525879, 9.652692794799805, 9.706740379333496,
        9.740141868591309, 9.613174438476562, 9.665176391601562,
        9.678275108337402, 9.703587532043457, 9.709081649780273,
        9.72355842590332, 9.744894981384277, 9.77475643157959,
        9.649046897888184, 9.645974159240723, 9.640533447265625,
        9.633115768432617, 9.656989097595215, 9.690361976623535,
        9.716073036193848, 9.718008041381836, 9.623515129089355,
        9.632065773010254, 9.661402702331543, 9.694559097290039,
        9.69912052154541, 9.70956802368164, 9.703509330749512,
        9.564740180969238, 9.580443382263184, 9.620089530944824,
        9.651549339294434, 9.650784492492676, 9.656514167785645,
        9.663047790527344, 9.667828559875488, 9.680644989013672,
        9.685858726501465, 9.716461181640625, 9.770245552062988,
        9.764842987060547, 9.726539611816406, 9.714827537536621,
        9.728214263916016, 9.492412567138672, 9.460042953491211,
        9.459519386291504, 9.463358879089355, 9.47218132019043, 9.4901704788208,
        9.522943496704102, 9.535402297973633, 9.428380012512207,
        9.41976547241211, 9.400673866271973, 9.351892471313477,
        9.344075202941895, 9.340197563171387, 9.372720718383789,
        9.399762153625488, 9.3880615234375, 9.4036865234375, 9.418072700500488,
        9.412327766418457, 9.430781364440918, 9.437162399291992,
        9.449036598205566, 9.440018653869629, 9.421860694885254,
        9.407218933105469, 9.426125526428223, 9.103588104248047,
        9.099482536315918, 9.10010051727295, 9.046858787536621,
        9.07625675201416, 8.699210166931152, 8.691750526428223,
        8.698587417602539, 8.708734512329102, 8.566169738769531,
        8.577521324157715, 8.403990745544434, 8.380376815795898,
        8.399765014648438, 8.420434951782227, 8.441900253295898,
        8.277530670166016, 8.188772201538086, 8.197324752807617,
        8.203509330749512, 7.8790974617004395, 7.807602882385254,
        7.792067527770996, 7.804112434387207, 7.816237926483154,
        7.819021224975586, 7.836463928222656, 7.843851566314697,
        7.870436191558838, 7.8766326904296875, 7.901312828063965,
        7.878528594970703, 7.892843723297119, 7.836142539978027,
        7.842482089996338, 7.800058841705322, 7.809803485870361,
        7.825007438659668, 7.833010673522949, 7.6405930519104,
        7.513742446899414, 7.5156049728393555, 7.518445014953613,
        7.525632858276367, 7.529250621795654, 7.509840965270996,
        7.513862133026123, 7.501330375671387, 7.489192008972168,
        7.496975898742676, 7.474101543426514, 7.465918064117432,
        7.473390102386475, 7.477589130401611, 7.48919677734375,
        7.48938512802124, 7.114564418792725, 7.101757526397705, 7.1374192237854,
        7.124600887298584, 7.086596965789795, 7.075124263763428,
        7.086740493774414, 7.078588962554932, 7.069465637207031,
        6.949685096740723, 6.951316833496094, 6.932600021362305,
        6.936991214752197, 6.946312427520752, 6.946837425231934,
        6.946908473968506, 6.959778308868408, 6.596960067749023,
        6.576196193695068, 6.319872856140137, 6.316190719604492,
        6.33277702331543, 6.336756706237793, 6.331644535064697,
        6.3422441482543945, 6.307295322418213, 6.163782119750977,
        6.160685062408447, 6.155669212341309, 6.160130500793457,
        6.168806552886963, 6.1958394050598145, 6.190456390380859,
        6.19527530670166, 6.188209533691406, 6.191258430480957,
        6.218108177185059, 6.2027740478515625, 6.200387954711914,
        6.056186199188232, 6.0521650314331055, 6.063174247741699,
        6.049197196960449, 6.039720058441162, 6.04189920425415,
        6.055126667022705, 6.053383827209473, 6.045962810516357,
        6.042496681213379, 6.023761749267578, 6.021324157714844,
        6.022109031677246, 6.0378618240356445, 6.048092365264893,
        6.054407596588135, 5.750871181488037, 5.679067134857178,
        5.6956892013549805, 5.6894731521606445, 5.671436309814453,
        5.665122032165527, 5.670494079589844, 5.67000150680542,
        5.663019180297852, 5.5357561111450195, 5.535887718200684,
        5.17382287979126, 5.15593147277832, 5.167938709259033, 5.07283878326416,
        5.066948413848877, 4.940006256103516, 4.951873779296875,
        4.952486515045166, 4.952516078948975, 4.965943336486816,
        4.969573974609375, 4.9630560874938965, 4.960887432098389,
        4.9612250328063965, 4.957789421081543, 4.814356803894043,
        4.809686183929443, 4.813581466674805, 4.82113790512085,
        4.815993309020996, 4.781307697296143, 4.723861217498779,
        4.7350311279296875, 4.736545562744141, 4.721714496612549,
        4.72104549407959, 4.608670234680176, 4.5952935218811035,
        4.596012115478516, 4.577454090118408, 4.579092979431152,
        4.569000244140625, 4.559761047363281, 4.545897960662842,
        4.536831855773926, 4.535374164581299, 4.515982151031494,
        4.518322944641113, 4.507073879241943, 4.37576961517334,
        4.363180160522461, 4.360074520111084, 4.356484889984131,
        4.356925964355469, 4.3642144203186035, 4.3815412521362305,
        4.390063762664795, 4.379714012145996, 4.286030292510986,
        4.284302711486816, 4.279865741729736, 4.309738636016846,
        4.318194389343262, 4.32984733581543, 4.325849533081055,
        4.325145721435547, 4.309329032897949, 4.219819068908691,
        4.184893608093262, 4.184116840362549, 4.168382167816162,
        4.159290313720703, 4.152232646942139, 4.155318737030029,
        4.1533098220825195, 4.146332740783691, 4.148183822631836,
        4.1561198234558105, 4.167292594909668, 4.123695373535156,
        4.120408058166504, 4.122652530670166, 4.12267541885376,
        4.116555213928223, 4.116089344024658, 4.106182098388672,
        4.1240949630737305, 4.145255088806152, 4.15924596786499,
        4.161346435546875, 4.182438850402832, 4.186977863311768,
        4.182413578033447, 4.186158657073975, 4.18044376373291,
        4.171770095825195, 4.1761698722839355, 4.171772003173828,
        4.159480094909668, 4.165592193603516, 4.1607561111450195,
        4.150771141052246, 4.1479902267456055, 4.15756893157959,
        4.153278350830078, 4.153835296630859, 4.155018329620361,
        4.140558242797852, 4.157545566558838, 4.157644271850586,
        4.168635368347168, 4.202471733093262, 4.212569236755371,
        4.1594977378845215, 4.165267467498779, 4.16039514541626,
        4.183888912200928, 4.174713611602783
      ]
    }
  },
  {
    "RBS_15000_HL2": {
      "acc": [
        11.9, 11.7, 10.0, 8.6, 10.1, 9.7, 11.1, 11.2, 11.2, 11.4, 11.0, 11.2,
        12.4, 12.1, 11.9, 12.4, 11.9, 13.2, 14.3, 14.4, 15.0, 14.9, 15.2, 15.0,
        15.5, 15.6, 15.6, 15.8, 16.1, 16.7, 17.1, 17.2, 17.2, 17.4, 17.3, 17.4,
        17.4, 17.7, 17.3, 17.9, 17.9, 18.1, 17.9, 18.3, 18.4, 18.5, 18.6, 18.5,
        18.9, 19.0, 19.2, 19.0, 19.2, 19.4, 19.4, 19.3, 18.8, 19.1, 19.3, 19.4,
        19.6, 19.9, 20.2, 20.7, 21.4, 21.9, 21.7, 21.5, 22.4, 22.1, 21.8, 22.1,
        22.2, 22.1, 22.4, 22.7, 22.5, 23.2, 23.3, 23.3, 23.9, 23.2, 23.6, 24.1,
        24.6, 25.0, 25.0, 24.6, 24.1, 24.3, 24.4, 24.6, 24.5, 24.2, 24.9, 25.6,
        25.3, 26.0, 26.4, 26.1, 26.4, 26.2, 26.2, 26.2, 26.5, 26.5, 27.0, 26.9,
        26.9, 27.2, 27.5, 27.6, 27.9, 28.1, 27.4, 27.9, 28.0, 28.3, 28.0, 27.9,
        28.1, 28.0, 28.5, 28.1, 28.1, 28.4, 28.3, 28.5, 28.5, 28.3, 28.4, 29.4,
        29.9, 29.9, 29.7, 29.5, 29.3, 29.9, 30.5, 30.6, 30.5, 30.8, 31.1, 31.7,
        31.9, 31.8, 32.1, 32.1, 31.5, 32.1, 32.0, 32.0, 32.4, 32.3, 32.4, 32.3,
        33.2, 32.9, 34.1, 33.7, 33.8, 33.3, 33.9, 33.6, 34.3, 34.3, 34.6, 34.4,
        34.6, 34.3, 34.6, 34.5, 34.7, 34.9, 35.4, 35.9, 35.7, 35.7, 35.7, 35.7,
        36.2, 35.9, 36.4, 36.4, 36.5, 36.8, 36.5, 36.2, 36.9, 37.0, 36.9, 38.0,
        37.7, 37.7, 38.8, 39.0, 39.1, 39.0, 39.7, 39.5, 39.4, 38.6, 38.8, 38.8,
        38.2, 38.2, 39.1, 39.0, 38.9, 38.9, 38.7, 39.4, 39.4, 40.1, 40.1, 40.8,
        41.0, 40.7, 40.4, 40.1, 40.3, 39.8, 40.4, 40.5, 40.5, 41.0, 41.2, 42.0,
        41.4, 41.1, 40.7, 41.1, 41.1, 40.1, 40.3, 40.2, 40.8, 41.1, 40.7, 41.0,
        41.3, 41.9, 41.9, 42.5, 42.5, 42.0, 42.4, 42.2, 41.9, 42.1, 41.4, 42.1,
        41.8, 42.7, 42.5, 42.5, 42.1, 42.4, 42.9, 42.4, 42.5, 42.5, 42.6, 42.8,
        42.6, 43.1, 43.4, 43.1, 43.1, 43.1, 42.8, 43.3, 43.5, 43.7, 43.6, 44.0,
        44.0, 44.0, 43.9, 44.0, 44.3, 44.7, 43.6, 44.0, 44.0, 42.5, 42.9, 43.6,
        44.6, 43.8, 44.4, 44.7, 44.1, 44.9, 44.6, 44.6, 44.9, 44.9, 46.5, 46.2,
        46.1, 46.0, 46.5, 47.2, 46.8, 46.2, 46.4, 47.1, 46.5, 47.4, 47.2, 46.8,
        47.2, 47.1, 48.1, 47.8, 48.0, 48.0, 48.0, 47.8, 47.8, 47.6, 48.5, 48.7,
        48.7, 48.4, 47.8, 47.9, 47.5, 47.3, 47.3, 48.4, 47.9, 48.5, 47.6, 47.3,
        47.1, 47.0, 47.0, 47.4, 48.5, 48.2, 47.9, 48.6, 48.5, 48.6, 48.9, 48.6,
        48.2, 48.4, 48.2, 48.0, 48.9, 49.4, 49.1, 48.9, 49.3, 49.4, 49.4, 49.7,
        48.2, 48.8, 48.4, 48.2, 48.2, 48.6, 47.9, 48.2, 49.0, 48.4, 48.4, 48.0,
        47.0, 47.7, 47.5, 47.6, 47.2, 47.8, 47.8, 47.4, 47.9, 47.5, 47.7, 47.2,
        46.8, 46.8, 48.1, 47.7, 47.7, 47.7, 47.2
      ],
      "loss": [
        10.073698997497559, 10.280982971191406, 10.709589958190918,
        10.985100746154785, 10.70205020904541, 10.877683639526367,
        10.632909774780273, 10.607769012451172, 10.523799896240234,
        10.488276481628418, 10.71148681640625, 10.799362182617188,
        10.915390968322754, 10.882731437683105, 10.810986518859863,
        10.93833065032959, 11.119996070861816, 10.415769577026367,
        10.416621208190918, 10.52324104309082, 10.519206047058105,
        10.612771034240723, 10.718214988708496, 10.765689849853516,
        10.7784423828125, 10.755855560302734, 10.792123794555664,
        10.845083236694336, 10.58186149597168, 10.68447208404541,
        10.755359649658203, 10.767106056213379, 10.815610885620117,
        10.877609252929688, 10.924233436584473, 11.015722274780273,
        11.062496185302734, 11.05341911315918, 11.059576034545898,
        10.745214462280273, 10.7337646484375, 10.612961769104004,
        10.677994728088379, 10.697105407714844, 10.772290229797363,
        10.771897315979004, 10.742692947387695, 10.763348579406738,
        10.742147445678711, 10.765692710876465, 10.831297874450684,
        10.803791046142578, 10.791369438171387, 10.839974403381348,
        10.884312629699707, 10.959394454956055, 10.677138328552246,
        10.43320083618164, 10.474376678466797, 10.515006065368652,
        10.529802322387695, 10.027997970581055, 10.09716510772705,
        10.1325101852417, 10.153942108154297, 9.824007987976074,
        9.70141315460205, 9.694195747375488, 9.697649002075195,
        9.76918888092041, 9.557573318481445, 9.572124481201172,
        9.659439086914062, 9.721628189086914, 9.685519218444824,
        9.816085815429688, 9.85213565826416, 9.743553161621094,
        9.425434112548828, 9.510003089904785, 9.500984191894531,
        9.593819618225098, 9.610746383666992, 9.656828880310059,
        9.599981307983398, 9.575797080993652, 9.610978126525879,
        9.670470237731934, 9.743875503540039, 9.781901359558105,
        9.824409484863281, 9.605241775512695, 9.603442192077637,
        9.657438278198242, 9.604525566101074, 9.61144733428955,
        9.626166343688965, 9.574568748474121, 9.544198036193848,
        9.64859676361084, 9.620418548583984, 9.684137344360352,
        9.733790397644043, 9.270439147949219, 9.229498863220215,
        9.26591682434082, 9.209214210510254, 9.20119571685791,
        9.193254470825195, 9.188642501831055, 9.248125076293945,
        9.234332084655762, 9.291752815246582, 9.274674415588379,
        9.274944305419922, 9.275577545166016, 9.273577690124512,
        9.320399284362793, 9.143545150756836, 9.150947570800781,
        9.192837715148926, 9.199625015258789, 9.266523361206055, 9.291015625,
        9.336721420288086, 9.33366584777832, 9.39392375946045, 9.3602294921875,
        9.381011962890625, 9.40976333618164, 9.420610427856445,
        9.294641494750977, 9.269954681396484, 9.254656791687012,
        9.042428970336914, 9.06830883026123, 9.077101707458496,
        9.098694801330566, 9.08369255065918, 9.092913627624512,
        9.156354904174805, 9.136856079101562, 8.894338607788086,
        8.81359577178955, 8.787262916564941, 8.771576881408691,
        8.757234573364258, 8.760519981384277, 8.804808616638184,
        8.77730941772461, 8.797370910644531, 8.832082748413086,
        8.826077461242676, 8.838404655456543, 8.844346046447754,
        8.851231575012207, 8.888243675231934, 8.84439754486084,
        8.745573997497559, 8.775641441345215, 8.767642974853516,
        8.550248146057129, 8.549735069274902, 8.577322959899902,
        8.576038360595703, 8.598393440246582, 8.275256156921387,
        8.298309326171875, 8.270867347717285, 8.290250778198242,
        8.085796356201172, 8.109086036682129, 7.833550930023193,
        7.83494758605957, 7.861613750457764, 7.872262477874756,
        7.9145097732543945, 7.842953681945801, 7.58294677734375,
        7.598360538482666, 7.613667011260986, 7.521636486053467,
        7.4539055824279785, 7.46442174911499, 7.445857048034668,
        7.447103023529053, 7.468414783477783, 7.502403736114502,
        7.487151622772217, 7.525580883026123, 7.527762413024902,
        7.509312152862549, 7.531639099121094, 7.554927349090576,
        7.452815055847168, 7.4666876792907715, 7.464055061340332,
        7.442562103271484, 7.452075004577637, 7.46488618850708,
        7.398826599121094, 7.274048328399658, 7.280158042907715,
        7.273387908935547, 7.289258003234863, 7.2666120529174805,
        7.21363639831543, 7.214977264404297, 7.194149494171143,
        7.21760892868042, 7.219105243682861, 7.1864705085754395,
        7.224086284637451, 7.179392337799072, 7.195648670196533,
        7.170400142669678, 7.161263942718506, 7.033943176269531,
        7.064844131469727, 7.101507663726807, 7.0926103591918945,
        7.087353229522705, 7.0577287673950195, 7.073169231414795,
        7.037558555603027, 7.028714179992676, 6.84071159362793,
        6.778025150299072, 6.771559715270996, 6.764938831329346,
        6.789044380187988, 6.789168357849121, 6.786170959472656,
        6.829737663269043, 6.6521382331848145, 6.667413234710693,
        6.4418110847473145, 6.428825855255127, 6.413261890411377,
        6.419665813446045, 6.38901948928833, 6.398405075073242,
        6.337541103363037, 5.9523091316223145, 5.944924831390381,
        5.935102939605713, 5.942677021026611, 5.9251580238342285,
        5.9498610496521, 5.960204124450684, 5.990626811981201,
        5.946637153625488, 5.956241130828857, 5.935996055603027,
        5.919144153594971, 5.926223278045654, 5.885921001434326,
        5.88695764541626, 5.8708343505859375, 5.91819429397583,
        5.895464897155762, 5.886888027191162, 5.873370170593262,
        5.904356002807617, 5.904195308685303, 5.89188814163208,
        5.883071422576904, 5.878651142120361, 5.880260944366455,
        5.88145637512207, 5.897186279296875, 5.891251087188721,
        5.704041957855225, 5.672430038452148, 5.76628303527832,
        5.7217512130737305, 5.674184322357178, 5.694892406463623,
        5.670482635498047, 5.684203147888184, 5.682620048522949,
        5.523009777069092, 5.58111047744751, 5.436583042144775,
        5.442135810852051, 5.49772834777832, 5.465538501739502,
        5.445930004119873, 5.308032989501953, 5.314545154571533,
        5.2869038581848145, 5.278572082519531, 5.29357385635376,
        5.2664642333984375, 5.278009414672852, 5.268043518066406,
        5.255570888519287, 5.263748645782471, 5.081128120422363,
        5.080936431884766, 5.0766496658325195, 5.086740493774414,
        5.078696250915527, 5.068572044372559, 4.941683292388916,
        4.975368976593018, 4.974163055419922, 4.937709331512451,
        4.917744159698486, 4.798231601715088, 4.796658039093018,
        4.81717586517334, 4.810971736907959, 4.795520782470703,
        4.786369323730469, 4.784081935882568, 4.778472423553467,
        4.782835960388184, 4.772102355957031, 4.785924434661865,
        4.767866134643555, 4.771063804626465, 4.605251312255859,
        4.609657287597656, 4.59724235534668, 4.620108127593994,
        4.630423545837402, 4.644508361816406, 4.65683650970459,
        4.6404032707214355, 4.6219801902771, 4.451113700866699,
        4.453000545501709, 4.443733215332031, 4.469231605529785,
        4.479184627532959, 4.488719940185547, 4.5032429695129395,
        4.480700492858887, 4.486737251281738, 4.340829372406006,
        4.346002101898193, 4.335111618041992, 4.294904708862305,
        4.317254543304443, 4.328864574432373, 4.3080058097839355,
        4.311921119689941, 4.321651935577393, 4.308708667755127,
        4.322228908538818, 4.33115291595459, 4.2696661949157715,
        4.266407489776611, 4.266002655029297, 4.2691731452941895,
        4.266043186187744, 4.262713432312012, 4.285375595092773,
        4.285173416137695, 4.337883949279785, 4.311343669891357,
        4.315441608428955, 4.337130069732666, 4.346188068389893,
        4.3423967361450195, 4.376995086669922, 4.361884593963623,
        4.3634185791015625, 4.363632678985596, 4.376021385192871,
        4.358843803405762, 4.380910396575928, 4.357064723968506,
        4.351280689239502, 4.345000267028809, 4.336140155792236,
        4.336783409118652, 4.35798454284668, 4.383649826049805,
        4.358089923858643, 4.377182483673096, 4.370497226715088,
        4.387187480926514, 4.4243669509887695, 4.436580181121826,
        4.3535332679748535, 4.361382484436035, 4.383954048156738,
        4.424265384674072, 4.420490264892578
      ]
    }
  },
  {
    "RBS_15000_HL3": {
      "acc": [
        11.4, 11.6, 8.6, 7.7, 9.4, 9.0, 10.4, 10.8, 11.3, 11.3, 10.6, 11.0,
        11.6, 12.0, 11.8, 11.9, 11.8, 12.9, 14.5, 14.4, 15.0, 14.8, 15.4, 15.2,
        15.3, 15.4, 15.0, 15.7, 15.6, 15.6, 16.1, 16.5, 16.7, 16.5, 16.7, 17.1,
        17.1, 17.3, 17.0, 17.6, 17.7, 17.9, 17.8, 18.1, 18.0, 18.3, 18.7, 18.9,
        18.9, 19.1, 19.3, 19.4, 19.7, 19.4, 19.8, 19.7, 19.2, 19.5, 19.0, 19.3,
        19.3, 19.7, 20.2, 20.9, 21.6, 21.6, 21.9, 21.3, 22.3, 21.7, 21.7, 22.0,
        21.8, 21.7, 22.5, 22.9, 22.7, 23.6, 23.4, 23.4, 23.9, 23.1, 23.3, 24.1,
        24.6, 24.9, 25.0, 25.1, 24.5, 24.7, 24.9, 24.5, 24.6, 24.2, 24.8, 25.0,
        25.3, 25.5, 25.3, 25.6, 25.8, 25.5, 25.5, 26.2, 26.2, 26.0, 26.2, 26.0,
        26.7, 26.6, 27.1, 26.8, 26.6, 27.0, 26.9, 27.6, 27.5, 27.3, 28.1, 28.3,
        28.1, 28.0, 28.5, 28.5, 29.0, 29.3, 29.3, 29.6, 29.5, 29.3, 29.3, 29.8,
        30.1, 30.1, 30.3, 30.2, 29.9, 30.5, 30.5, 30.2, 30.5, 30.5, 31.3, 31.4,
        31.7, 31.6, 31.9, 31.8, 31.8, 31.8, 32.1, 32.0, 32.4, 32.1, 31.8, 32.0,
        32.6, 32.2, 33.1, 33.1, 33.7, 33.2, 33.3, 33.6, 34.1, 33.9, 34.6, 34.5,
        34.2, 34.0, 34.1, 33.8, 34.1, 34.9, 34.8, 35.0, 35.2, 35.6, 36.0, 35.3,
        35.4, 35.9, 36.3, 36.9, 36.9, 36.8, 37.4, 37.3, 37.4, 36.9, 37.4, 37.6,
        38.2, 38.0, 38.2, 38.7, 38.8, 39.1, 39.5, 39.2, 39.3, 39.2, 39.2, 39.4,
        39.0, 39.4, 39.8, 39.5, 39.8, 39.4, 39.5, 39.6, 39.8, 40.4, 39.9, 40.4,
        40.9, 40.6, 40.3, 40.0, 40.3, 40.8, 41.2, 41.2, 41.8, 42.2, 42.5, 42.7,
        43.0, 43.0, 42.9, 42.8, 42.3, 42.2, 42.6, 42.2, 41.5, 42.1, 42.6, 43.3,
        43.0, 42.1, 42.6, 42.9, 42.2, 42.2, 42.2, 42.0, 42.0, 42.4, 42.2, 42.5,
        42.4, 43.2, 44.1, 43.9, 44.1, 43.7, 43.3, 43.4, 43.8, 44.0, 44.3, 44.4,
        44.3, 44.8, 45.1, 45.1, 45.4, 44.2, 44.4, 44.6, 44.6, 44.5, 43.9, 44.6,
        45.8, 45.5, 45.8, 45.6, 45.3, 45.8, 45.1, 45.8, 45.7, 45.1, 45.5, 45.6,
        46.5, 45.9, 46.6, 46.6, 46.9, 47.4, 46.5, 47.8, 47.4, 47.7, 48.7, 48.4,
        48.5, 48.1, 48.4, 48.2, 48.6, 47.9, 48.2, 47.9, 47.9, 48.5, 48.6, 49.6,
        49.6, 49.7, 49.4, 49.8, 50.2, 50.3, 49.8, 49.3, 49.7, 49.5, 49.3, 50.1,
        50.8, 50.6, 50.5, 50.1, 49.9, 50.2, 50.4, 51.6, 51.0, 51.1, 51.2, 51.4,
        51.4, 50.7, 50.5, 51.3, 52.0, 52.0, 51.4, 51.8, 51.8, 51.9, 51.8, 51.4,
        51.6, 51.8, 51.8, 51.7, 52.2, 52.1, 52.8, 53.1, 51.9, 52.6, 52.2, 52.2,
        51.4, 52.3, 52.1, 51.3, 51.3, 50.9, 50.5, 50.3, 51.0, 50.5, 50.7, 50.1,
        50.1, 50.4, 50.9, 51.0, 50.2, 50.6, 49.9, 50.4, 50.5, 50.4, 50.7, 50.1,
        50.3, 49.8, 50.0, 49.9, 49.8, 49.3, 49.1
      ],
      "loss": [
        9.98684310913086, 10.13190746307373, 10.717458724975586,
        11.041241645812988, 10.778182029724121, 10.977375030517578,
        10.86821174621582, 10.833121299743652, 10.51790714263916,
        10.671154022216797, 10.898558616638184, 10.91050910949707,
        10.871838569641113, 10.732460975646973, 10.924688339233398,
        11.008728981018066, 11.22636890411377, 10.617661476135254,
        10.610685348510742, 10.73695182800293, 10.756171226501465,
        10.834933280944824, 10.888946533203125, 11.017351150512695,
        11.046422004699707, 11.015189170837402, 10.92617416381836,
        10.995563507080078, 10.435673713684082, 10.4775390625,
        10.574163436889648, 10.609419822692871, 10.672309875488281,
        10.746511459350586, 10.871621131896973, 10.865411758422852,
        10.883468627929688, 10.886480331420898, 10.951606750488281,
        10.384960174560547, 10.434988021850586, 10.338699340820312,
        10.403640747070312, 10.352091789245605, 10.481322288513184,
        10.4806547164917, 10.495116233825684, 10.507852554321289,
        10.51492977142334, 10.565457344055176, 10.624295234680176,
        10.529534339904785, 10.573943138122559, 10.629034996032715,
        10.6280517578125, 10.688189506530762, 10.138162612915039,
        9.854010581970215, 9.924788475036621, 9.978202819824219,
        10.01679801940918, 9.90324878692627, 9.906962394714355,
        9.87113094329834, 9.885660171508789, 9.775489807128906,
        9.271809577941895, 9.246691703796387, 9.087535858154297,
        9.19916820526123, 9.011713027954102, 8.992748260498047, 9.0947265625,
        9.076196670532227, 9.0841703414917, 9.15058708190918, 9.215606689453125,
        9.223114013671875, 8.806950569152832, 8.850868225097656,
        8.85079574584961, 8.944254875183105, 8.934432983398438,
        8.950209617614746, 8.995205879211426, 8.941471099853516,
        8.964753150939941, 8.962737083435059, 9.033797264099121,
        9.091904640197754, 9.17973518371582, 8.868414878845215,
        8.874520301818848, 8.877693176269531, 8.897676467895508,
        8.773981094360352, 8.860262870788574, 8.868950843811035,
        8.940269470214844, 8.965401649475098, 8.974414825439453,
        9.030470848083496, 9.083026885986328, 8.682644844055176,
        8.689168930053711, 8.726296424865723, 8.703689575195312,
        8.712580680847168, 8.740328788757324, 8.77895736694336,
        8.785396575927734, 8.722705841064453, 8.773691177368164,
        8.772750854492188, 8.81919002532959, 8.765220642089844,
        8.801591873168945, 8.83665943145752, 8.653783798217773,
        8.696294784545898, 8.750255584716797, 8.779500007629395,
        8.793642044067383, 8.839739799499512, 8.851101875305176,
        8.809301376342773, 8.86295223236084, 8.818206787109375,
        8.875377655029297, 8.930278778076172, 8.945181846618652,
        8.879940032958984, 8.881722450256348, 8.889565467834473,
        8.818937301635742, 8.805031776428223, 8.83659553527832,
        8.825801849365234, 8.824809074401855, 8.866703033447266,
        8.85254192352295, 8.825074195861816, 8.814258575439453,
        8.780898094177246, 8.715432167053223, 8.732595443725586,
        8.734249114990234, 8.794251441955566, 8.79479694366455,
        8.80970287322998, 8.826265335083008, 8.89803409576416, 8.88609790802002,
        8.924237251281738, 8.942427635192871, 8.958182334899902,
        8.936532020568848, 8.93435287475586, 8.8873291015625, 8.886552810668945,
        8.84731674194336, 8.66932487487793, 8.686885833740234,
        8.726333618164062, 8.668549537658691, 8.705025672912598,
        8.441991806030273, 8.447064399719238, 8.451030731201172,
        8.477611541748047, 8.246392250061035, 8.285651206970215,
        8.043140411376953, 7.981487274169922, 8.019954681396484,
        8.022735595703125, 8.038521766662598, 7.646138668060303,
        7.421011924743652, 7.437320232391357, 7.465699195861816,
        7.328330039978027, 7.304276943206787, 7.198295593261719,
        7.207531452178955, 7.242733955383301, 7.2287211418151855,
        7.2723894119262695, 7.278589725494385, 7.347982883453369,
        7.304698944091797, 7.33312463760376, 7.3162055015563965,
        7.348589897155762, 7.270682334899902, 7.264409065246582,
        7.270266532897949, 7.284290790557861, 7.277015686035156,
        7.3094587326049805, 7.18717098236084, 7.074915885925293,
        7.056691646575928, 7.035727024078369, 7.040948390960693,
        7.0105485916137695, 7.015422821044922, 7.032680988311768,
        7.018923282623291, 7.033742427825928, 7.020187854766846,
        7.0229010581970215, 7.0350141525268555, 6.990244388580322,
        7.007236957550049, 7.003214359283447, 6.985710620880127,
        6.798464775085449, 6.818574905395508, 6.883722305297852,
        6.846739292144775, 6.823464870452881, 6.7723283767700195,
        6.797269821166992, 6.772678375244141, 6.73051643371582,
        6.51045036315918, 6.517197132110596, 6.490784645080566,
        6.472082614898682, 6.490311145782471, 6.505569934844971,
        6.541014671325684, 6.5539045333862305, 6.273324489593506,
        6.282277584075928, 6.242866039276123, 6.210684776306152,
        6.185123443603516, 6.122160911560059, 6.130812644958496,
        6.168544769287109, 6.180870532989502, 6.088753700256348,
        6.102156639099121, 6.112805366516113, 6.098669052124023,
        6.13839864730835, 6.15392541885376, 6.146305084228516, 6.16624116897583,
        6.17596960067749, 6.1652984619140625, 6.121033668518066,
        6.1003947257995605, 6.103907108306885, 5.859174728393555,
        5.8801374435424805, 5.920901298522949, 5.906275272369385,
        5.895507335662842, 5.906700611114502, 5.922073841094971,
        5.90355110168457, 5.913022994995117, 5.894697189331055,
        5.880949020385742, 5.886427879333496, 5.871606826782227,
        5.931530952453613, 5.943760871887207, 5.9351806640625,
        5.762372016906738, 5.741827011108398, 5.85915994644165,
        5.8269734382629395, 5.76455020904541, 5.754012107849121,
        5.750727653503418, 5.771905899047852, 5.785433292388916,
        5.564657688140869, 5.591156005859375, 5.458826541900635,
        5.466979026794434, 5.49776029586792, 5.474618911743164,
        5.478840351104736, 5.304370403289795, 5.357394695281982,
        5.31900691986084, 5.308109283447266, 5.3144989013671875,
        5.310049057006836, 5.357789993286133, 5.313109874725342,
        5.300103664398193, 5.281351089477539, 5.073430061340332,
        5.0726141929626465, 5.098066329956055, 5.0938591957092285,
        5.072549819946289, 5.064975261688232, 4.9388227462768555,
        4.975893020629883, 4.989428997039795, 4.974592208862305,
        4.9468793869018555, 4.733394145965576, 4.739641189575195,
        4.721922874450684, 4.744930267333984, 4.75148344039917,
        4.746094703674316, 4.715352535247803, 4.685139179229736,
        4.693220615386963, 4.699004173278809, 4.711938381195068,
        4.690587997436523, 4.703704357147217, 4.609038829803467,
        4.595948696136475, 4.5736775398254395, 4.570974349975586,
        4.570122241973877, 4.591776371002197, 4.598713397979736,
        4.5642595291137695, 4.523421287536621, 4.305581569671631,
        4.317381381988525, 4.308548927307129, 4.356616020202637,
        4.346558094024658, 4.374643802642822, 4.385622978210449,
        4.389384746551514, 4.374032020568848, 4.24332332611084,
        4.2432146072387695, 4.279145240783691, 4.2526445388793945,
        4.242057800292969, 4.226877212524414, 4.217421531677246,
        4.217823505401611, 4.222118854522705, 4.232752323150635,
        4.227726459503174, 4.236159801483154, 4.225116729736328,
        4.20546817779541, 4.209326267242432, 4.210341453552246,
        4.235508441925049, 4.217081069946289, 4.218799114227295,
        4.225605487823486, 4.24730920791626, 4.218481063842773,
        4.219553470611572, 4.277627468109131, 4.285000801086426,
        4.2946085929870605, 4.322634696960449, 4.3229475021362305,
        4.315710067749023, 4.30947732925415, 4.311703205108643,
        4.317849159240723, 4.323509216308594, 4.308708667755127,
        4.28997278213501, 4.296981334686279, 4.299454689025879,
        4.283963680267334, 4.289143085479736, 4.297343730926514,
        4.282862186431885, 4.301196575164795, 4.298169136047363,
        4.316912651062012, 4.351654052734375, 4.377558708190918,
        4.331504821777344, 4.340719699859619, 4.367908477783203,
        4.368302345275879, 4.381425380706787
      ]
    }
  },
  {
    "RBS_15000_HL4": {
      "acc": [
        12.1, 11.2, 9.1, 8.3, 10.0, 9.6, 11.1, 11.7, 12.0, 12.3, 11.7, 11.9,
        12.7, 12.4, 12.8, 12.5, 12.5, 13.0, 13.7, 13.6, 14.2, 14.3, 14.9, 14.7,
        15.4, 15.3, 15.4, 15.5, 15.9, 15.8, 16.3, 16.5, 16.5, 16.8, 17.1, 17.2,
        16.9, 17.4, 17.4, 17.3, 17.5, 17.7, 17.7, 18.0, 18.4, 18.7, 18.5, 18.8,
        19.0, 18.9, 19.5, 19.3, 19.7, 19.8, 20.2, 19.8, 19.6, 20.1, 20.5, 21.2,
        21.3, 21.3, 21.4, 22.0, 22.6, 22.5, 22.3, 22.1, 22.8, 22.3, 23.2, 22.7,
        22.8, 22.5, 23.1, 23.0, 23.2, 24.1, 23.9, 23.5, 24.7, 24.1, 24.3, 24.6,
        24.9, 25.1, 25.1, 25.0, 24.6, 24.7, 24.5, 23.7, 24.0, 24.2, 24.6, 25.2,
        25.0, 25.7, 25.5, 25.5, 25.8, 25.8, 25.9, 26.2, 26.2, 26.1, 26.5, 26.7,
        26.7, 26.9, 27.2, 26.8, 26.6, 27.0, 27.0, 27.3, 27.4, 27.9, 27.9, 27.8,
        27.7, 28.0, 28.3, 28.6, 29.1, 28.7, 29.3, 29.2, 28.9, 28.5, 28.9, 29.7,
        29.9, 29.8, 30.2, 30.1, 30.0, 30.2, 30.7, 30.3, 30.4, 30.2, 30.2, 30.9,
        31.3, 31.7, 32.0, 32.9, 32.0, 32.4, 32.8, 32.6, 32.9, 32.6, 32.7, 32.9,
        33.6, 33.9, 34.0, 33.7, 33.8, 33.6, 33.4, 33.6, 33.6, 33.9, 34.1, 33.9,
        34.6, 34.5, 34.7, 34.5, 34.5, 35.0, 36.6, 36.8, 36.7, 36.7, 36.6, 35.9,
        36.2, 36.2, 37.6, 38.4, 38.1, 38.5, 38.6, 38.4, 38.2, 38.2, 38.7, 38.8,
        39.1, 38.9, 39.8, 39.9, 40.2, 40.5, 40.7, 40.5, 40.4, 40.0, 39.8, 39.6,
        38.8, 39.4, 39.5, 39.3, 39.7, 40.0, 39.6, 39.6, 39.6, 40.2, 39.9, 40.1,
        40.6, 41.3, 41.6, 41.0, 41.3, 42.2, 42.2, 42.0, 42.6, 42.9, 42.6, 43.2,
        43.6, 43.1, 42.8, 42.9, 42.2, 42.3, 42.2, 42.1, 42.5, 42.2, 42.6, 43.6,
        43.5, 43.3, 43.3, 43.8, 43.4, 43.5, 43.2, 43.0, 43.1, 43.1, 42.9, 43.6,
        43.9, 43.9, 44.8, 44.6, 45.4, 44.6, 44.2, 43.9, 44.3, 44.3, 44.4, 44.9,
        45.6, 45.8, 46.1, 46.1, 46.3, 45.3, 45.1, 45.4, 45.4, 44.4, 44.5, 44.4,
        45.8, 46.0, 46.6, 46.3, 45.0, 45.9, 45.6, 46.6, 45.4, 45.2, 45.2, 45.5,
        46.2, 45.2, 46.5, 46.6, 46.6, 47.4, 46.5, 47.1, 47.5, 47.4, 49.3, 48.7,
        49.4, 48.8, 48.8, 48.5, 49.1, 47.8, 48.2, 49.0, 49.5, 49.4, 48.7, 48.6,
        48.8, 49.5, 49.4, 49.0, 49.1, 49.0, 49.0, 48.7, 49.0, 49.4, 50.3, 50.2,
        50.6, 50.6, 50.2, 49.9, 49.9, 49.7, 50.0, 50.6, 50.0, 50.9, 50.7, 51.1,
        50.4, 50.6, 49.8, 49.8, 50.4, 50.2, 49.9, 50.4, 50.6, 50.8, 51.1, 50.9,
        50.9, 50.9, 51.3, 51.2, 52.0, 51.9, 51.9, 51.7, 52.1, 52.5, 52.2, 52.8,
        51.4, 51.6, 51.4, 50.8, 51.0, 50.9, 50.3, 50.6, 51.1, 50.6, 50.2, 50.4,
        49.6, 50.5, 50.5, 50.3, 49.7, 50.2, 50.6, 51.0, 50.7, 50.6, 51.0, 50.3,
        50.3, 49.8, 50.6, 50.5, 50.2, 49.8, 49.8
      ],
      "loss": [
        10.057615280151367, 10.279576301574707, 10.77236557006836,
        11.13329792022705, 10.854137420654297, 11.014427185058594,
        10.446062088012695, 10.664069175720215, 10.74354076385498,
        10.790176391601562, 10.951217651367188, 10.992865562438965,
        10.869359016418457, 10.957578659057617, 10.997576713562012,
        11.040786743164062, 11.23440933227539, 10.620640754699707,
        10.656488418579102, 10.735309600830078, 10.63642692565918,
        10.711776733398438, 10.608677864074707, 10.779616355895996,
        10.804024696350098, 10.780027389526367, 10.793261528015137,
        10.805387496948242, 10.37261962890625, 10.412721633911133,
        10.385757446289062, 10.490102767944336, 10.521286010742188,
        10.618712425231934, 10.714343070983887, 10.799309730529785,
        10.869560241699219, 10.802308082580566, 10.846925735473633,
        10.504949569702148, 10.573863983154297, 10.479228019714355,
        10.537607192993164, 10.575482368469238, 10.669318199157715,
        10.647449493408203, 10.653375625610352, 10.649303436279297,
        10.705094337463379, 10.742671012878418, 10.699334144592285,
        10.716540336608887, 10.724452018737793, 10.787379264831543,
        10.769983291625977, 10.813583374023438, 10.062395095825195,
        9.793670654296875, 9.819769859313965, 9.873818397521973,
        9.90627670288086, 9.704769134521484, 9.724584579467773,
        9.672715187072754, 9.611771583557129, 9.35297679901123,
        9.357352256774902, 9.418595314025879, 9.388116836547852,
        9.425917625427246, 9.423320770263672, 9.482666015625, 9.56665325164795,
        9.602774620056152, 9.592093467712402, 9.661142349243164,
        9.64176082611084, 9.639305114746094, 9.291488647460938,
        9.372941970825195, 9.34215259552002, 9.417183876037598,
        9.374378204345703, 9.437240600585938, 9.445204734802246,
        9.430176734924316, 9.484317779541016, 9.544891357421875,
        9.634419441223145, 9.673328399658203, 9.72520637512207,
        9.644092559814453, 9.616988182067871, 9.668149948120117,
        9.601290702819824, 9.54926586151123, 9.611128807067871,
        9.567977905273438, 9.58286190032959, 9.633526802062988,
        9.633760452270508, 9.674657821655273, 9.725625991821289,
        9.46423625946045, 9.453100204467773, 9.471049308776855,
        9.43487548828125, 9.443882942199707, 9.484112739562988,
        9.490065574645996, 9.51824951171875, 9.543237686157227,
        9.617256164550781, 9.642313957214355, 9.657327651977539,
        9.640597343444824, 9.639567375183105, 9.652990341186523,
        9.179692268371582, 9.145792961120605, 9.16804313659668,
        9.164159774780273, 9.220983505249023, 9.24615478515625,
        9.28392505645752, 9.283565521240234, 9.325541496276855,
        9.320817947387695, 9.320327758789062, 9.356759071350098,
        9.366402626037598, 9.265094757080078, 9.260395050048828,
        9.244233131408691, 8.926177024841309, 8.951995849609375,
        8.965728759765625, 8.964136123657227, 8.964286804199219,
        8.991446495056152, 9.011676788330078, 9.021048545837402,
        8.675162315368652, 8.640254974365234, 8.602341651916504,
        8.548971176147461, 8.559680938720703, 8.538147926330566,
        8.589646339416504, 8.587804794311523, 8.589226722717285,
        8.618144989013672, 8.625654220581055, 8.651619911193848,
        8.677191734313965, 8.681262016296387, 8.699280738830566,
        8.678811073303223, 8.665514945983887, 8.677671432495117,
        8.683121681213379, 8.663705825805664, 8.686614990234375,
        8.725378036499023, 8.737979888916016, 8.766633987426758,
        8.482894897460938, 8.507352828979492, 8.457070350646973,
        8.498035430908203, 8.310081481933594, 8.353410720825195,
        8.257582664489746, 8.23456859588623, 8.230588912963867,
        8.222041130065918, 8.25430965423584, 7.982390403747559,
        7.818739891052246, 7.8156890869140625, 7.809607028961182,
        7.619284152984619, 7.570384502410889, 7.5656418800354,
        7.569506645202637, 7.560349941253662, 7.57950496673584,
        7.631964206695557, 7.6138458251953125, 7.648547649383545,
        7.640736103057861, 7.612023830413818, 7.618917465209961,
        7.647548198699951, 7.587100505828857, 7.592506408691406,
        7.566452503204346, 7.560842037200928, 7.552190780639648,
        7.5865020751953125, 7.445225715637207, 7.332357883453369,
        7.33070182800293, 7.339696884155273, 7.366560459136963,
        7.347874164581299, 7.281630039215088, 7.2906012535095215,
        7.281433582305908, 7.299046993255615, 7.319786071777344,
        7.336189270019531, 7.3026509284973145, 7.258274078369141,
        7.275424957275391, 7.308417320251465, 7.296313285827637,
        7.005138874053955, 7.0199055671691895, 7.082297325134277,
        7.059985160827637, 7.013683319091797, 7.030773162841797,
        7.06390905380249, 7.0239691734313965, 7.0032854080200195,
        6.680170059204102, 6.608439922332764, 6.5918779373168945,
        6.6118998527526855, 6.6482768058776855, 6.650101661682129,
        6.641081809997559, 6.670376777648926, 6.558426380157471,
        6.560748100280762, 6.377410411834717, 6.3732218742370605,
        6.359786510467529, 6.330820560455322, 6.304877758026123,
        6.362099647521973, 6.334614276885986, 6.127771854400635,
        6.176024913787842, 6.154324531555176, 6.156881809234619,
        6.175070285797119, 6.206445217132568, 6.2026777267456055,
        6.218784809112549, 6.1969218254089355, 6.1955952644348145,
        6.2033209800720215, 6.161473274230957, 6.179330348968506,
        6.104763507843018, 6.118326187133789, 6.135601997375488,
        6.153378009796143, 6.138980865478516, 6.130038261413574,
        6.1248250007629395, 6.13502311706543, 6.124322414398193,
        6.109945774078369, 6.083220481872559, 6.081892013549805,
        6.09360933303833, 6.120727062225342, 6.119853496551514,
        6.128624439239502, 5.98793888092041, 5.997959613800049,
        6.023997783660889, 6.004819869995117, 5.9417924880981445,
        5.938560485839844, 5.908805847167969, 5.950963973999023,
        5.943663120269775, 5.70655632019043, 5.730612277984619,
        5.521267890930176, 5.534860134124756, 5.576032638549805,
        5.532837867736816, 5.535725116729736, 5.343999862670898,
        5.369335174560547, 5.319672107696533, 5.307500839233398,
        5.3110880851745605, 5.293691635131836, 5.332889080047607,
        5.311224460601807, 5.299158096313477, 5.303508281707764,
        5.028172969818115, 5.032052993774414, 5.039937973022461,
        5.0454559326171875, 5.030381679534912, 5.029423713684082,
        4.901650428771973, 4.939736843109131, 4.943517684936523,
        4.926849365234375, 4.916762828826904, 4.775299549102783,
        4.7617621421813965, 4.746967792510986, 4.737579345703125,
        4.715846061706543, 4.715800762176514, 4.705044746398926,
        4.703948974609375, 4.710615634918213, 4.7248640060424805,
        4.722596168518066, 4.7250542640686035, 4.726822376251221,
        4.552736759185791, 4.547235012054443, 4.52786111831665,
        4.535381317138672, 4.536243438720703, 4.545304775238037,
        4.5567216873168945, 4.558783054351807, 4.544816970825195,
        4.336044788360596, 4.333284378051758, 4.326024532318115,
        4.355099201202393, 4.353858470916748, 4.373402118682861,
        4.392324924468994, 4.404158592224121, 4.407614707946777,
        4.2912211418151855, 4.283262252807617, 4.303862571716309,
        4.288825035095215, 4.280018329620361, 4.2723708152771,
        4.265970230102539, 4.286613941192627, 4.285370826721191,
        4.28801965713501, 4.274234294891357, 4.279716968536377,
        4.227540969848633, 4.226261138916016, 4.226012706756592,
        4.234355449676514, 4.226338863372803, 4.202406406402588,
        4.203087329864502, 4.21815824508667, 4.264320373535156,
        4.244676113128662, 4.241484642028809, 4.278902530670166,
        4.280945301055908, 4.274228096008301, 4.308636665344238,
        4.302765369415283, 4.302467346191406, 4.301784515380859,
        4.299180507659912, 4.294395446777344, 4.292740345001221,
        4.269300937652588, 4.270978927612305, 4.261631488800049,
        4.30149507522583, 4.274799823760986, 4.280248165130615,
        4.2970194816589355, 4.285896301269531, 4.289963722229004,
        4.272691249847412, 4.288700580596924, 4.301740646362305,
        4.325186252593994, 4.275915145874023, 4.281447410583496,
        4.29625940322876, 4.30161190032959, 4.285797119140625
      ]
    }
  },
  {
    "RBS_15000_HL5": {
      "acc": [
        11.9, 11.6, 9.3, 7.8, 9.8, 9.4, 10.4, 10.9, 11.7, 11.6, 11.4, 11.5,
        12.4, 12.4, 12.2, 12.3, 12.0, 12.6, 13.6, 13.6, 14.4, 15.1, 15.0, 15.0,
        15.0, 14.9, 14.8, 15.5, 15.7, 15.9, 16.4, 16.8, 16.6, 17.0, 16.8, 17.4,
        17.5, 17.5, 17.7, 18.0, 17.7, 18.2, 18.3, 18.2, 18.1, 18.2, 18.7, 18.6,
        18.8, 18.9, 19.0, 19.0, 19.8, 19.7, 19.7, 19.6, 19.9, 20.5, 20.6, 20.5,
        20.8, 20.4, 20.5, 21.1, 21.1, 21.7, 21.9, 21.7, 22.4, 21.6, 21.6, 21.8,
        21.8, 21.4, 21.9, 22.1, 22.2, 22.6, 22.4, 22.9, 23.5, 22.5, 23.0, 23.7,
        23.6, 23.8, 23.7, 23.7, 23.2, 23.7, 23.8, 23.6, 24.1, 23.7, 24.8, 25.3,
        25.1, 25.9, 25.7, 25.8, 26.3, 26.1, 26.2, 26.2, 26.5, 26.6, 27.3, 27.4,
        27.7, 27.5, 27.2, 27.8, 27.5, 28.5, 28.4, 28.7, 28.6, 28.7, 27.6, 28.0,
        27.8, 27.8, 28.3, 28.5, 29.0, 29.6, 29.8, 29.7, 29.5, 29.7, 29.8, 30.7,
        30.8, 31.3, 30.9, 30.9, 30.7, 31.4, 31.8, 31.6, 32.1, 31.9, 31.7, 32.4,
        32.8, 32.8, 33.1, 32.7, 32.6, 32.6, 32.5, 32.5, 32.8, 32.7, 32.6, 32.5,
        33.7, 33.7, 34.1, 34.2, 34.1, 34.1, 34.3, 34.7, 34.6, 34.9, 34.6, 34.8,
        35.1, 34.9, 35.3, 35.5, 35.3, 35.3, 35.8, 36.3, 36.5, 36.2, 35.9, 34.9,
        35.1, 36.7, 36.9, 37.1, 37.3, 37.8, 38.0, 38.0, 38.2, 38.3, 38.1, 38.6,
        38.3, 38.4, 39.7, 39.8, 40.2, 40.2, 40.3, 40.3, 40.9, 39.7, 40.3, 40.5,
        39.6, 40.6, 41.3, 41.3, 41.5, 41.7, 41.4, 41.8, 41.5, 41.8, 42.2, 42.1,
        42.7, 43.1, 43.3, 41.8, 42.4, 42.6, 43.2, 42.6, 43.0, 43.3, 43.7, 43.5,
        43.1, 43.6, 43.3, 43.8, 43.4, 43.5, 44.5, 43.9, 44.3, 43.8, 44.0, 43.7,
        44.0, 44.5, 44.8, 45.7, 44.7, 44.4, 44.6, 45.1, 44.6, 44.7, 44.5, 44.5,
        44.5, 44.9, 45.0, 45.4, 45.9, 45.2, 44.9, 44.9, 44.5, 44.9, 44.8, 45.2,
        45.5, 45.6, 45.7, 45.6, 45.8, 46.2, 45.4, 45.5, 46.6, 45.4, 45.0, 45.1,
        46.3, 46.1, 46.4, 46.7, 46.5, 46.3, 46.5, 46.9, 46.7, 45.6, 46.0, 46.6,
        46.6, 46.8, 47.7, 48.2, 48.2, 48.2, 48.3, 47.8, 47.8, 48.0, 49.3, 49.0,
        49.0, 49.3, 49.6, 48.8, 49.6, 49.8, 49.9, 49.8, 49.5, 50.5, 51.0, 50.9,
        51.4, 51.6, 51.7, 51.5, 51.5, 51.6, 51.9, 51.0, 50.7, 50.5, 51.3, 51.8,
        51.4, 51.4, 51.4, 51.6, 51.0, 50.8, 51.1, 52.4, 52.3, 52.2, 51.8, 51.8,
        51.9, 50.9, 51.1, 51.0, 51.8, 52.2, 52.2, 52.6, 52.8, 52.6, 52.6, 52.4,
        52.4, 52.9, 52.6, 52.3, 53.2, 53.4, 53.3, 53.1, 53.1, 53.4, 53.6, 53.6,
        52.3, 51.8, 51.8, 50.7, 51.1, 51.4, 50.4, 50.6, 50.7, 51.1, 51.1, 50.5,
        50.4, 51.1, 50.3, 50.6, 51.2, 51.5, 50.9, 50.6, 50.8, 50.8, 51.4, 51.3,
        51.4, 51.2, 51.4, 51.4, 51.4, 51.3, 51.0
      ],
      "loss": [
        10.263589859008789, 10.338253021240234, 10.846793174743652,
        11.28555679321289, 10.803299903869629, 10.913148880004883,
        10.83121109008789, 11.024518013000488, 10.829607009887695,
        11.109495162963867, 11.254324913024902, 11.25180435180664,
        11.166967391967773, 11.06026554107666, 11.286382675170898,
        11.336997032165527, 11.50129508972168, 10.36830997467041,
        10.27932071685791, 10.328072547912598, 10.34591007232666,
        10.357193946838379, 10.394213676452637, 10.657980918884277,
        10.733747482299805, 10.727907180786133, 10.735635757446289,
        10.709790229797363, 10.358841896057129, 10.435425758361816,
        10.495065689086914, 10.508550643920898, 10.562997817993164,
        10.63568115234375, 10.828372955322266, 10.887113571166992,
        10.931419372558594, 10.91567325592041, 11.020964622497559,
        9.903897285461426, 9.91285228729248, 9.78532600402832,
        9.794349670410156, 9.542312622070312, 9.724334716796875,
        9.790656089782715, 9.84809684753418, 9.912107467651367,
        9.94095516204834, 10.053671836853027, 10.108731269836426,
        10.137825965881348, 10.09963607788086, 10.143568992614746,
        10.209354400634766, 10.314125061035156, 10.257064819335938,
        9.904319763183594, 9.956023216247559, 9.973642349243164,
        9.977193832397461, 9.85350227355957, 9.904088020324707,
        9.971424102783203, 9.971035957336426, 9.61280632019043,
        9.433143615722656, 9.461641311645508, 9.350469589233398,
        9.501279830932617, 9.322093963623047, 9.32339096069336,
        9.425837516784668, 9.488414764404297, 9.485177040100098,
        9.564024925231934, 9.604087829589844, 9.596271514892578,
        9.162747383117676, 9.177925109863281, 9.185897827148438,
        9.34379768371582, 9.385920524597168, 9.396712303161621,
        9.415514945983887, 9.384295463562012, 9.41122055053711,
        9.451944351196289, 9.543319702148438, 9.586235046386719,
        9.606764793395996, 9.568581581115723, 9.53050708770752,
        9.629176139831543, 9.489092826843262, 9.431899070739746,
        9.481490135192871, 9.430192947387695, 9.504385948181152,
        9.539834022521973, 9.495880126953125, 9.543732643127441,
        9.601922035217285, 9.13347053527832, 9.053879737854004,
        9.09628677368164, 8.989558219909668, 8.969696998596191,
        9.009797096252441, 9.050578117370605, 9.110795974731445,
        9.11744499206543, 9.163853645324707, 9.209607124328613, 9.2352876663208,
        9.171689987182617, 9.193131446838379, 9.257445335388184,
        9.141648292541504, 9.102749824523926, 9.13217544555664,
        9.189932823181152, 9.185126304626465, 9.183072090148926,
        9.174861907958984, 9.118757247924805, 9.148153305053711,
        9.103693962097168, 9.17613410949707, 9.229636192321777,
        9.23162841796875, 9.146377563476562, 9.141683578491211,
        9.143598556518555, 8.67093563079834, 8.609192848205566,
        8.568819046020508, 8.599275588989258, 8.581482887268066,
        8.623190879821777, 8.62756633758545, 8.603270530700684,
        8.409449577331543, 8.358038902282715, 8.392068862915039,
        8.33199691772461, 8.340994834899902, 8.404894828796387,
        8.461556434631348, 8.468500137329102, 8.475287437438965,
        8.57621955871582, 8.598197937011719, 8.627942085266113,
        8.60334300994873, 8.605925559997559, 8.637539863586426,
        8.579452514648438, 8.541471481323242, 8.536733627319336,
        8.574585914611816, 8.423065185546875, 8.434112548828125,
        8.454329490661621, 8.50888729095459, 8.558748245239258,
        8.394593238830566, 8.433615684509277, 8.387500762939453,
        8.384645462036133, 8.062253952026367, 8.07709789276123,
        7.954684734344482, 7.948951244354248, 7.942511558532715,
        7.93401575088501, 7.990055561065674, 7.854546546936035,
        7.739299774169922, 7.750268459320068, 7.7523345947265625,
        7.574002742767334, 7.509413719177246, 7.4506144523620605,
        7.4386515617370605, 7.4334259033203125, 7.431355953216553,
        7.462388515472412, 7.456873416900635, 7.437049388885498,
        7.438372611999512, 7.446512699127197, 7.482210159301758,
        7.537121295928955, 7.469845294952393, 7.479926109313965,
        7.451810359954834, 7.442694187164307, 7.476709365844727,
        7.4736480712890625, 7.285961151123047, 7.120172500610352,
        7.0600152015686035, 7.055446624755859, 7.053188800811768,
        7.037408351898193, 7.029208183288574, 7.024319648742676,
        7.009803771972656, 7.032959461212158, 7.033425807952881,
        7.033655643463135, 7.014845848083496, 7.024048805236816,
        7.011764049530029, 7.03105354309082, 7.009279251098633,
        6.812036514282227, 6.807348728179932, 6.913506031036377,
        6.835952281951904, 6.814329624176025, 6.81769323348999,
        6.87495756149292, 6.843292713165283, 6.793886661529541,
        6.573027610778809, 6.537585258483887, 6.545700550079346,
        6.531239986419678, 6.553778171539307, 6.556101322174072,
        6.549987316131592, 6.582939624786377, 6.365902423858643,
        6.378988742828369, 6.257309436798096, 6.257062911987305,
        6.257399082183838, 6.260007858276367, 6.269134521484375,
        6.239513397216797, 6.217625141143799, 5.9822516441345215,
        6.021472454071045, 6.018372058868408, 6.017127990722656,
        6.019745826721191, 6.027196884155273, 6.03804349899292,
        6.0642313957214355, 6.056481838226318, 6.057626247406006,
        6.047243118286133, 6.032405376434326, 6.030468940734863,
        5.854671478271484, 5.857625961303711, 5.874434471130371,
        5.865772247314453, 5.871708393096924, 5.86672306060791,
        5.875655174255371, 5.870012283325195, 5.8724541664123535,
        5.861720085144043, 5.862390041351318, 5.8629069328308105,
        5.860316753387451, 5.874675750732422, 5.903464317321777,
        5.905084609985352, 5.696640968322754, 5.6935858726501465,
        5.790738582611084, 5.736205101013184, 5.6968536376953125,
        5.6963677406311035, 5.683016777038574, 5.666770935058594,
        5.657680511474609, 5.504846572875977, 5.500879764556885,
        5.380379676818848, 5.4032063484191895, 5.424014568328857,
        5.42262077331543, 5.385312557220459, 5.29662561416626,
        5.326319217681885, 5.306138515472412, 5.300126552581787,
        5.280701160430908, 5.2494120597839355, 5.263904094696045,
        5.284262657165527, 5.2779741287231445, 5.283619403839111,
        5.042953014373779, 5.036874294281006, 5.032595157623291,
        5.037567615509033, 5.013484477996826, 5.037740707397461,
        4.880764007568359, 4.8887786865234375, 4.907106876373291,
        4.871510028839111, 4.862783908843994, 4.601441383361816,
        4.572325229644775, 4.59935998916626, 4.586843490600586,
        4.584488868713379, 4.571820259094238, 4.5793657302856445,
        4.545664310455322, 4.534430980682373, 4.535207748413086,
        4.5671067237854, 4.5676984786987305, 4.570272922515869,
        4.430971145629883, 4.426289081573486, 4.425093650817871,
        4.446574687957764, 4.432755470275879, 4.431454181671143,
        4.455105781555176, 4.436388969421387, 4.4177985191345215,
        4.273087978363037, 4.2711076736450195, 4.274654388427734,
        4.299504280090332, 4.304831027984619, 4.321824550628662,
        4.359073162078857, 4.3448991775512695, 4.354684352874756,
        4.257800579071045, 4.241174221038818, 4.259065628051758,
        4.223716735839844, 4.226686477661133, 4.236870288848877,
        4.207161903381348, 4.21306848526001, 4.22115421295166,
        4.197621822357178, 4.179944038391113, 4.1899027824401855,
        4.13751220703125, 4.127752780914307, 4.137481212615967,
        4.145709991455078, 4.145670413970947, 4.116414546966553,
        4.118040084838867, 4.111232280731201, 4.150687217712402,
        4.150423526763916, 4.156434535980225, 4.229822635650635,
        4.203156471252441, 4.191227912902832, 4.236472129821777,
        4.220519542694092, 4.229635238647461, 4.2072858810424805,
        4.21061372756958, 4.204817771911621, 4.215652942657471,
        4.191291332244873, 4.207661151885986, 4.206110954284668,
        4.17600679397583, 4.162067890167236, 4.171601295471191,
        4.210764408111572, 4.196439743041992, 4.191874027252197,
        4.18643856048584, 4.207552433013916, 4.221586227416992,
        4.248735427856445, 4.181492328643799, 4.201254367828369,
        4.209225654602051, 4.23222541809082, 4.23195219039917
      ]
    }
  },
  {
    "RBS_15000_HL6": {
      "acc": [
        11.3, 11.7, 10.1, 9.3, 11.2, 10.8, 11.3, 11.2, 11.9, 11.6, 11.5, 11.8,
        12.0, 11.7, 11.6, 11.7, 12.1, 12.4, 13.7, 13.9, 13.8, 14.1, 14.7, 14.4,
        14.9, 14.8, 14.8, 15.2, 15.3, 15.7, 16.4, 16.4, 16.3, 16.5, 16.5, 16.0,
        16.2, 16.6, 16.7, 16.9, 17.3, 17.4, 17.4, 17.7, 17.8, 17.9, 18.3, 18.7,
        18.5, 18.7, 18.9, 18.8, 19.7, 19.7, 19.2, 18.8, 18.8, 18.9, 18.8, 18.9,
        19.1, 19.3, 19.5, 20.1, 20.8, 20.9, 21.4, 20.9, 22.1, 21.5, 22.0, 22.0,
        21.7, 21.6, 22.3, 22.1, 22.7, 23.1, 23.4, 23.0, 23.9, 23.8, 23.3, 23.7,
        24.0, 24.6, 24.6, 24.6, 24.5, 24.5, 24.2, 24.5, 24.8, 24.9, 25.3, 26.2,
        25.6, 26.1, 26.5, 26.6, 26.6, 26.8, 26.8, 27.2, 27.0, 27.3, 28.1, 27.9,
        28.1, 28.5, 28.2, 27.8, 28.0, 28.5, 28.4, 28.9, 29.3, 28.9, 28.9, 29.2,
        29.4, 29.6, 29.8, 29.9, 30.5, 30.6, 30.9, 30.5, 30.5, 30.4, 30.1, 30.5,
        31.1, 31.3, 31.2, 30.9, 31.4, 31.5, 31.9, 31.8, 31.6, 31.2, 31.3, 31.9,
        32.2, 31.8, 31.6, 31.8, 31.7, 32.1, 32.1, 31.9, 32.2, 32.1, 32.7, 32.5,
        32.9, 32.7, 33.6, 33.7, 34.0, 34.1, 34.5, 34.7, 34.3, 34.5, 34.5, 34.1,
        34.1, 34.6, 34.8, 34.4, 34.9, 35.3, 36.0, 36.0, 35.7, 35.9, 36.0, 35.9,
        36.4, 37.3, 37.8, 38.3, 38.2, 38.0, 37.8, 37.9, 38.1, 38.4, 38.0, 38.9,
        38.8, 38.4, 39.1, 39.2, 39.4, 39.8, 39.7, 40.1, 39.4, 40.2, 40.7, 40.4,
        40.7, 40.8, 41.3, 41.3, 41.8, 41.8, 41.8, 42.0, 41.0, 42.0, 42.2, 42.4,
        42.5, 41.4, 41.5, 41.5, 41.2, 41.7, 42.2, 42.4, 41.9, 42.5, 42.4, 42.6,
        43.2, 43.2, 43.2, 43.5, 43.3, 42.6, 42.6, 42.9, 43.0, 42.5, 42.4, 42.5,
        43.2, 43.1, 43.2, 43.0, 42.8, 42.8, 42.9, 43.4, 43.2, 43.8, 42.8, 43.0,
        43.2, 43.6, 43.8, 44.2, 44.6, 44.6, 44.3, 44.9, 45.0, 45.1, 44.9, 45.4,
        45.8, 45.9, 46.0, 46.3, 46.5, 46.5, 46.7, 47.1, 46.6, 45.4, 45.3, 46.0,
        46.7, 46.6, 47.0, 46.8, 46.6, 47.2, 47.0, 47.6, 46.9, 46.2, 46.4, 47.1,
        47.1, 47.6, 48.4, 48.4, 48.3, 49.3, 48.3, 49.1, 49.1, 48.6, 49.4, 49.7,
        50.2, 50.1, 50.3, 50.3, 50.8, 49.6, 49.2, 49.6, 49.5, 50.8, 51.3, 50.6,
        51.1, 51.6, 51.7, 51.4, 51.8, 51.7, 51.6, 51.0, 51.3, 51.3, 51.7, 51.6,
        52.0, 51.7, 51.7, 51.7, 51.0, 51.8, 52.0, 51.9, 51.6, 51.7, 51.4, 51.1,
        50.8, 50.5, 50.5, 51.2, 52.6, 52.0, 52.4, 52.6, 52.8, 52.5, 52.5, 51.7,
        52.5, 52.5, 51.9, 52.2, 53.8, 53.5, 53.7, 53.8, 53.7, 53.7, 53.2, 53.2,
        51.8, 51.6, 52.2, 51.0, 51.3, 51.4, 50.6, 50.7, 50.9, 50.8, 51.5, 51.0,
        50.6, 50.8, 50.2, 50.6, 50.3, 50.6, 50.6, 51.1, 51.2, 50.8, 50.8, 51.2,
        51.3, 50.9, 51.4, 51.2, 52.0, 51.4, 51.6
      ],
      "loss": [
        9.826146125793457, 10.013460159301758, 10.46130657196045,
        10.745868682861328, 10.650566101074219, 10.86015796661377,
        10.735437393188477, 11.002851486206055, 10.661890983581543,
        10.802094459533691, 10.943653106689453, 11.0419921875,
        10.948686599731445, 10.91408634185791, 11.01323127746582,
        11.12424087524414, 11.280767440795898, 10.52191162109375,
        10.460097312927246, 10.569911003112793, 10.620882034301758,
        10.737130165100098, 10.769569396972656, 10.904186248779297,
        10.988067626953125, 10.977343559265137, 10.886902809143066,
        10.965951919555664, 10.540349006652832, 10.616161346435547,
        10.688260078430176, 10.776999473571777, 10.837312698364258,
        10.889469146728516, 10.962532043457031, 11.049949645996094,
        11.106924057006836, 11.12302017211914, 11.150629043579102,
        10.855307579040527, 10.912129402160645, 10.427716255187988,
        10.554169654846191, 10.660296440124512, 10.76921558380127,
        10.803718566894531, 10.568511962890625, 10.544768333435059,
        10.62961483001709, 10.59715747833252, 10.633599281311035,
        10.565585136413574, 10.686628341674805, 10.746885299682617,
        10.796095848083496, 10.880461692810059, 10.691534996032715,
        10.171271324157715, 10.153816223144531, 10.200292587280273,
        10.233540534973145, 10.00475788116455, 10.035452842712402,
        10.063836097717285, 10.072193145751953, 9.853853225708008,
        9.609757423400879, 9.66448974609375, 9.622156143188477,
        9.691283226013184, 9.568034172058105, 9.611560821533203,
        9.746959686279297, 9.751551628112793, 9.694658279418945,
        9.779033660888672, 9.812860488891602, 9.750381469726562,
        9.575121879577637, 9.641885757446289, 9.633346557617188,
        9.73520565032959, 9.798604965209961, 9.851889610290527,
        9.769011497497559, 9.771174430847168, 9.820050239562988,
        9.880755424499512, 9.935500144958496, 9.975726127624512,
        10.034409523010254, 9.762166023254395, 9.733522415161133,
        9.747132301330566, 9.779609680175781, 9.654374122619629,
        9.720842361450195, 9.733991622924805, 9.704952239990234,
        9.776235580444336, 9.759385108947754, 9.8267822265625,
        9.864235877990723, 9.51685619354248, 9.521361351013184,
        9.622718811035156, 9.528525352478027, 9.537365913391113,
        9.47677993774414, 9.455178260803223, 9.540018081665039,
        9.552313804626465, 9.637340545654297, 9.551274299621582,
        9.584036827087402, 9.57230281829834, 9.541799545288086,
        9.656920433044434, 9.545466423034668, 9.511848449707031,
        9.523236274719238, 9.527796745300293, 9.555680274963379,
        9.546826362609863, 9.54118824005127, 9.538025856018066,
        9.552396774291992, 9.548181533813477, 9.586406707763672,
        9.638104438781738, 9.661723136901855, 9.608541488647461,
        9.54521656036377, 9.55459976196289, 9.385604858398438,
        9.387165069580078, 9.40015983581543, 9.425690650939941,
        9.388238906860352, 9.419172286987305, 9.438405990600586,
        9.438617706298828, 9.113991737365723, 9.074191093444824,
        9.051515579223633, 9.052478790283203, 9.075948715209961,
        9.089133262634277, 9.143817901611328, 9.08509635925293,
        9.130735397338867, 9.172285079956055, 9.171510696411133,
        9.194228172302246, 9.184078216552734, 9.211398124694824,
        9.243621826171875, 9.221826553344727, 9.07298469543457,
        9.081474304199219, 9.089884757995605, 8.901900291442871,
        8.891683578491211, 8.905789375305176, 9.024190902709961,
        9.073443412780762, 8.817179679870605, 8.869057655334473,
        8.848780632019043, 8.808446884155273, 8.521004676818848,
        8.519701957702637, 8.371255874633789, 8.371524810791016,
        8.371204376220703, 8.359245300292969, 8.428728103637695,
        8.103565216064453, 7.990367889404297, 7.989713191986084,
        7.992435932159424, 7.698318958282471, 7.639830589294434,
        7.601968288421631, 7.609516620635986, 7.640605926513672,
        7.6438469886779785, 7.648436546325684, 7.644673824310303,
        7.692205429077148, 7.681949615478516, 7.698532581329346,
        7.760103225708008, 7.830430507659912, 7.781220436096191,
        7.781315803527832, 7.731040000915527, 7.74819278717041,
        7.763880252838135, 7.760132312774658, 7.503856658935547,
        7.3867316246032715, 7.3670830726623535, 7.365962982177734,
        7.375000953674316, 7.360959053039551, 7.324425220489502,
        7.34194278717041, 7.349474906921387, 7.373593807220459,
        7.364982604980469, 7.3933424949646, 7.3864521980285645,
        7.335053443908691, 7.362095832824707, 7.372751712799072,
        7.384632587432861, 7.196016311645508, 7.211204528808594,
        7.23382568359375, 7.211160182952881, 7.196289539337158,
        7.178422927856445, 7.208852291107178, 7.210876941680908,
        7.160580158233643, 7.014561653137207, 6.9761810302734375,
        6.96234130859375, 6.958982944488525, 6.982852935791016,
        7.003544330596924, 7.032420635223389, 7.091098785400391,
        6.987486839294434, 6.98598575592041, 6.763912677764893,
        6.73990535736084, 6.739335060119629, 6.687954425811768,
        6.692287445068359, 6.71475887298584, 6.6454620361328125,
        6.5324249267578125, 6.594490051269531, 6.5992817878723145,
        6.589770317077637, 6.592419624328613, 6.607579708099365,
        6.603334426879883, 6.637099742889404, 6.579929828643799,
        6.587244987487793, 6.591558933258057, 6.583544731140137,
        6.583158016204834, 6.214160442352295, 6.1757917404174805,
        6.170431137084961, 6.1299519538879395, 6.1292314529418945,
        6.132935047149658, 6.139365196228027, 6.125509262084961,
        6.141984939575195, 6.13832950592041, 6.133528709411621,
        6.142065525054932, 6.136302471160889, 6.158472537994385,
        6.178832530975342, 6.174347877502441, 6.071728229522705,
        6.0927019119262695, 6.1547017097473145, 6.10813570022583,
        6.047611236572266, 6.0302629470825195, 6.011007785797119,
        6.032242298126221, 6.044452667236328, 5.85595703125, 5.810000419616699,
        5.5389628410339355, 5.548397541046143, 5.584866523742676,
        5.546727657318115, 5.538816928863525, 5.407739162445068,
        5.412175178527832, 5.373291969299316, 5.3644938468933105,
        5.341814041137695, 5.331153392791748, 5.376139163970947,
        5.368841171264648, 5.364457130432129, 5.355495452880859,
        5.218568325042725, 5.21133279800415, 5.209949016571045,
        5.215983867645264, 5.208658218383789, 5.180027484893799,
        4.988183975219727, 5.030998229980469, 5.047242641448975,
        5.0189361572265625, 5.011998653411865, 4.734649181365967,
        4.702316761016846, 4.698526382446289, 4.684912204742432,
        4.668160438537598, 4.677975654602051, 4.677145004272461,
        4.661170959472656, 4.67490816116333, 4.696527481079102,
        4.681270599365234, 4.679101943969727, 4.700936794281006,
        4.552512168884277, 4.550541400909424, 4.518737316131592,
        4.524020671844482, 4.5161967277526855, 4.506188869476318,
        4.526425361633301, 4.520614147186279, 4.507185459136963,
        4.383971214294434, 4.380885124206543, 4.368414402008057,
        4.403999328613281, 4.418586254119873, 4.441648006439209,
        4.4650983810424805, 4.462997913360596, 4.457636833190918,
        4.200051307678223, 4.173928737640381, 4.19821834564209,
        4.192880630493164, 4.180763244628906, 4.189455509185791,
        4.197408676147461, 4.213189601898193, 4.218298435211182,
        4.216799259185791, 4.207254409790039, 4.210280418395996,
        4.164386749267578, 4.165464878082275, 4.153958797454834,
        4.151716709136963, 4.160440444946289, 4.134897708892822,
        4.146456241607666, 4.150340557098389, 4.21167516708374,
        4.199317455291748, 4.202126502990723, 4.225879192352295,
        4.226668357849121, 4.226879119873047, 4.256773471832275,
        4.2478532791137695, 4.23049259185791, 4.233185291290283,
        4.22395658493042, 4.230996608734131, 4.230851173400879,
        4.214937686920166, 4.216826438903809, 4.2122721672058105,
        4.180882453918457, 4.167771816253662, 4.17539644241333,
        4.175157070159912, 4.1671037673950195, 4.176978588104248,
        4.164677619934082, 4.168639183044434, 4.181179046630859,
        4.1930694580078125, 4.173739910125732, 4.177877902984619,
        4.170375823974609, 4.191348552703857, 4.180103302001953
      ]
    }
  }
]
