[
  {
    "RBS_7500": {
      "acc": [
        12.3, 10.4, 10.0, 9.3, 9.7, 9.9, 10.7, 11.1, 12.0, 12.2, 12.2, 12.4,
        12.6, 12.7, 12.8, 12.7, 12.8, 13.4, 13.7, 14.0, 14.1, 14.5, 14.7, 14.6,
        14.7, 14.9, 14.9, 15.2, 16.1, 15.7, 16.1, 16.4, 16.7, 16.9, 17.3, 17.1,
        17.1, 17.1, 17.3, 17.3, 16.9, 17.3, 17.3, 17.3, 17.4, 18.1, 18.3, 18.5,
        18.5, 18.8, 18.7, 18.5, 18.9, 19.0, 19.1, 19.0, 19.9, 20.1, 20.0, 20.2,
        20.1, 20.2, 20.5, 20.9, 21.1, 21.6, 22.3, 22.1, 22.1, 22.0, 22.0, 22.0,
        22.0, 21.5, 22.1, 22.1, 22.2, 22.8, 22.8, 22.7, 23.3, 23.1, 23.2, 23.5,
        23.9, 23.7, 24.0, 23.7, 23.7, 24.1, 24.0, 24.1, 24.6, 25.0, 25.1, 25.5,
        24.9, 25.7, 25.7, 26.5, 26.4, 26.1, 26.1, 25.8, 26.3, 26.5, 26.7, 26.8,
        27.1, 27.4, 27.6, 28.2, 27.9, 27.9, 28.0, 28.1, 28.7, 28.7, 28.2, 28.4,
        28.6, 28.7, 29.0, 29.3, 29.3, 29.4, 29.5, 29.7, 29.6, 30.0, 29.8, 30.4,
        30.8, 30.9, 30.5, 30.4, 30.4, 30.5, 30.7, 31.1, 30.9, 30.9, 30.5, 30.9,
        30.9, 30.7, 30.9, 31.7, 31.2, 31.3, 31.5, 31.9, 32.1, 32.2, 32.3, 32.4,
        32.4, 32.9, 33.3, 33.1, 33.0, 33.3, 33.5, 33.7, 34.4, 34.6, 33.6, 33.8,
        34.2, 34.5, 34.3, 34.5, 34.8, 34.5, 34.9, 34.9, 34.9, 35.2, 35.2, 35.4,
        35.7, 36.1, 36.1, 36.0, 36.1, 36.0, 36.2, 36.3, 36.4, 36.5, 36.6, 36.6,
        37.1, 37.3, 37.9, 37.9, 38.5, 38.6, 38.6, 38.7, 38.3, 37.5, 37.6, 37.7,
        37.1, 37.3, 37.6, 37.6, 38.0, 38.3, 38.2, 38.8, 39.0, 38.8, 39.1, 39.0,
        39.2, 39.3, 39.1, 39.9, 40.0, 39.8, 39.7, 40.2, 40.2, 40.8, 40.3, 40.0,
        40.0, 40.1, 40.2, 40.0, 40.2, 39.9, 40.7, 40.2, 40.6, 40.6, 40.6, 41.2,
        41.2, 41.4, 41.8, 41.5, 41.5, 41.4, 41.8, 41.7, 41.1, 40.7, 41.2, 41.4,
        41.4, 41.0, 41.7, 41.4, 42.3, 42.7, 42.7, 42.4, 42.6, 42.2, 42.8, 42.4,
        42.5, 43.0, 43.2, 43.0, 43.0, 42.7, 42.9, 42.8, 43.0, 43.3, 42.6, 43.1,
        43.5, 43.8, 43.4, 43.5, 43.3, 44.0, 43.8, 43.7, 43.9, 42.9, 42.8, 43.3,
        43.4, 42.5, 43.2, 43.2, 43.1, 43.4, 43.6, 44.3, 44.3, 44.6, 44.0, 44.1,
        44.4, 44.0, 44.4, 44.6, 43.5, 43.7, 44.2, 44.4, 45.0, 44.9, 45.5, 45.6,
        45.7, 46.1, 45.6, 45.9, 46.2, 46.2, 45.8, 46.1, 46.3, 45.9, 46.4, 46.3,
        46.9, 46.6, 46.6, 46.4, 45.9, 45.6, 45.8, 47.6, 48.1, 47.3, 46.4, 47.0,
        46.6, 46.7, 46.7, 47.0, 48.2, 47.5, 48.0, 48.1, 48.2, 48.0, 47.8, 47.4,
        47.2, 47.7, 47.5, 47.4, 48.0, 48.2, 47.8, 47.6, 47.6, 48.0, 47.8, 47.9,
        47.5, 47.0, 47.0, 46.1, 46.7, 46.8, 46.0, 46.3, 46.5, 46.2, 46.3, 45.8,
        45.5, 45.9, 45.3, 45.4, 45.3, 45.1, 44.6, 44.2, 44.7, 44.0, 44.6, 44.3,
        44.3, 44.0, 45.1, 45.2, 44.8, 44.4, 44.2
      ],
      "loss": [
        10.185673713684082, 10.548717498779297, 10.62539291381836,
        10.960240364074707, 10.937223434448242, 11.030682563781738,
        10.82784652709961, 10.90527629852295, 10.92922592163086,
        10.98283576965332, 11.064637184143066, 11.11939811706543,
        11.18120002746582, 11.24074649810791, 11.29468822479248,
        11.403297424316406, 11.458052635192871, 10.891475677490234,
        10.90283489227295, 10.949983596801758, 10.999624252319336,
        10.984344482421875, 10.97086238861084, 11.065866470336914,
        11.116308212280273, 11.120292663574219, 11.14753532409668,
        11.141983985900879, 10.763809204101562, 10.851831436157227,
        10.879775047302246, 10.898077964782715, 10.940211296081543,
        10.970964431762695, 11.017228126525879, 11.113862991333008,
        11.198871612548828, 11.195707321166992, 11.266814231872559,
        11.166686058044434, 11.225172996520996, 11.105962753295898,
        11.167040824890137, 11.20145320892334, 11.221956253051758,
        11.218626022338867, 11.184874534606934, 11.199459075927734,
        11.231863021850586, 11.217350959777832, 11.213177680969238,
        11.275837898254395, 11.30119800567627, 11.314241409301758,
        11.307089805603027, 11.33159065246582, 11.011713981628418,
        10.70161247253418, 10.721840858459473, 10.747808456420898,
        10.763978958129883, 10.383306503295898, 10.422531127929688,
        10.420267105102539, 10.44530200958252, 10.112444877624512,
        9.851139068603516, 9.900799751281738, 9.913947105407715,
        9.963691711425781, 9.916281700134277, 9.922598838806152,
        9.974929809570312, 10.039069175720215, 10.032102584838867,
        10.099717140197754, 10.14475154876709, 10.102316856384277,
        9.44398307800293, 9.515231132507324, 9.478006362915039,
        9.532838821411133, 9.545731544494629, 9.570357322692871,
        9.550864219665527, 9.568334579467773, 9.605438232421875,
        9.641068458557129, 9.692130088806152, 9.718908309936523,
        9.760513305664062, 9.68431568145752, 9.659429550170898,
        9.713929176330566, 9.724784851074219, 9.595791816711426,
        9.667647361755371, 9.68344497680664, 9.686059951782227,
        9.68103313446045, 9.666533470153809, 9.707962036132812,
        9.73795223236084, 9.65531063079834, 9.626168251037598,
        9.632195472717285, 9.613720893859863, 9.607531547546387,
        9.593189239501953, 9.614015579223633, 9.638805389404297,
        9.574784278869629, 9.595911979675293, 9.612207412719727,
        9.625624656677246, 9.60027027130127, 9.608280181884766,
        9.613426208496094, 9.263415336608887, 9.269942283630371,
        9.281243324279785, 9.282350540161133, 9.29495906829834,
        9.30654239654541, 9.323152542114258, 9.333520889282227,
        9.361074447631836, 9.367645263671875, 9.392258644104004, 9.40869140625,
        9.399369239807129, 9.407848358154297, 9.390231132507324,
        9.400912284851074, 9.352583885192871, 9.332408905029297,
        9.34680461883545, 9.366848945617676, 9.37092399597168,
        9.387298583984375, 9.409119606018066, 9.409340858459473,
        9.28602409362793, 9.263328552246094, 9.268588066101074,
        9.258135795593262, 9.241135597229004, 9.22794246673584,
        9.313460350036621, 9.28580093383789, 9.298439979553223,
        9.304250717163086, 9.30688762664795, 9.311049461364746,
        9.312972068786621, 9.329587936401367, 9.36203384399414,
        9.316100120544434, 9.272817611694336, 9.273842811584473,
        9.296893119812012, 9.1670503616333, 9.178504943847656,
        9.179579734802246, 9.106468200683594, 9.131511688232422,
        8.794576644897461, 8.773578643798828, 8.769883155822754,
        8.767378807067871, 8.551980972290039, 8.573720932006836,
        8.434877395629883, 8.463157653808594, 8.452802658081055,
        8.457695007324219, 8.458576202392578, 8.387070655822754,
        8.244210243225098, 8.253740310668945, 8.256264686584473,
        7.9313130378723145, 7.880285263061523, 7.873401165008545,
        7.898128509521484, 7.911643981933594, 7.916873455047607,
        7.940267086029053, 7.938579559326172, 7.941943168640137,
        7.961610317230225, 7.938906669616699, 7.933016300201416,
        7.929231643676758, 7.872605800628662, 7.887083530426025,
        7.837579727172852, 7.835465908050537, 7.829090595245361,
        7.847545146942139, 7.809365749359131, 7.408229351043701,
        7.408405303955078, 7.409450054168701, 7.428002834320068,
        7.411162853240967, 7.408154487609863, 7.416429042816162,
        7.398999214172363, 7.386798858642578, 7.412476539611816,
        7.40225076675415, 7.417763710021973, 7.4159159660339355,
        7.398802280426025, 7.4345855712890625, 7.442415237426758,
        7.290828704833984, 7.296049118041992, 7.322507858276367,
        7.315130710601807, 7.307734966278076, 7.314070224761963,
        7.329361438751221, 7.316656589508057, 7.301276206970215,
        7.094844341278076, 7.108650207519531, 7.106198787689209,
        7.135404586791992, 7.1466827392578125, 7.126132011413574,
        7.1560821533203125, 7.197437286376953, 7.041766166687012,
        7.0275444984436035, 6.92761754989624, 6.907497406005859,
        6.913475036621094, 6.90209436416626, 6.892176151275635,
        6.907332420349121, 6.897590637207031, 6.809513092041016,
        6.800110340118408, 6.7978081703186035, 6.786877632141113,
        6.7910542488098145, 6.8207688331604, 6.838322162628174,
        6.84022855758667, 6.825222969055176, 6.827701091766357,
        6.844792366027832, 6.831485748291016, 6.830060958862305,
        6.660865783691406, 6.660425186157227, 6.661881923675537,
        6.670083045959473, 6.6649675369262695, 6.67083215713501,
        6.665478706359863, 6.67891263961792, 6.671459197998047,
        6.661679744720459, 6.654980182647705, 6.661281108856201,
        6.652791500091553, 6.683140754699707, 6.681248188018799,
        6.688215255737305, 6.451842308044434, 6.430136680603027,
        6.463129043579102, 6.456072807312012, 6.432652950286865,
        6.461876392364502, 6.455704212188721, 6.464846611022949,
        6.444045066833496, 6.329794883728027, 6.363152503967285,
        6.213749408721924, 6.189873218536377, 6.246289253234863,
        6.220963478088379, 6.212795257568359, 6.074732780456543,
        6.1041178703308105, 6.097168445587158, 6.096111297607422,
        6.106101036071777, 6.1013078689575195, 6.09998083114624,
        6.070772171020508, 6.06395959854126, 6.066064357757568,
        5.845000743865967, 5.849576950073242, 5.874032497406006,
        5.870297908782959, 5.856407165527344, 5.836607456207275,
        5.764841079711914, 5.773595809936523, 5.762450695037842,
        5.753963470458984, 5.7335734367370605, 5.498208045959473,
        5.475558280944824, 5.46699333190918, 5.456979751586914,
        5.434655666351318, 5.444798469543457, 5.428411483764648,
        5.4073872566223145, 5.39909029006958, 5.406909465789795,
        5.423257350921631, 5.411671161651611, 5.413084983825684,
        5.226569175720215, 5.230008602142334, 5.218941688537598,
        5.2172651290893555, 5.201399803161621, 5.216041564941406,
        5.24796199798584, 5.251123905181885, 5.24659538269043,
        4.935195446014404, 4.944275856018066, 4.944784164428711,
        4.999011516571045, 4.9766130447387695, 5.000781059265137,
        4.992650032043457, 4.972685813903809, 4.958889961242676,
        4.78424596786499, 4.7683424949646, 4.7665605545043945,
        4.7578911781311035, 4.763579368591309, 4.761261463165283,
        4.758985996246338, 4.761684894561768, 4.76355504989624,
        4.7526960372924805, 4.7607197761535645, 4.761577129364014,
        4.726480484008789, 4.719262599945068, 4.737674236297607,
        4.752107620239258, 4.75187873840332, 4.730498790740967,
        4.726687908172607, 4.739624977111816, 4.787067890167236,
        4.800878524780273, 4.799309730529785, 4.824202060699463,
        4.8116021156311035, 4.804896354675293, 4.8361992835998535,
        4.823178768157959, 4.825722694396973, 4.838096618652344,
        4.835557460784912, 4.836552143096924, 4.8505330085754395,
        4.833985328674316, 4.838192939758301, 4.835732936859131,
        4.843635082244873, 4.856348037719727, 4.867682456970215,
        4.882712364196777, 4.868307590484619, 4.897734642028809,
        4.886258125305176, 4.898353099822998, 4.915402412414551,
        4.934032440185547, 4.865695476531982, 4.877018928527832,
        4.897105693817139, 4.911703109741211, 4.917323112487793
      ]
    }
  },
  {
    "RBS_7500_HL1": {
      "acc": [
        11.7, 11.3, 10.4, 9.9, 10.3, 10.3, 10.8, 11.6, 12.5, 12.6, 12.1, 12.4,
        13.1, 12.9, 12.8, 12.8, 13.0, 13.3, 14.2, 14.5, 14.4, 14.6, 15.0, 14.9,
        15.3, 15.3, 15.6, 15.7, 16.1, 16.1, 16.3, 16.5, 16.7, 17.0, 17.0, 17.0,
        17.1, 17.1, 17.2, 17.5, 17.6, 17.6, 17.8, 18.1, 18.2, 17.7, 18.0, 18.1,
        18.3, 18.1, 18.4, 18.2, 18.5, 18.6, 18.6, 18.5, 19.3, 19.3, 19.5, 19.3,
        19.7, 20.1, 20.1, 20.9, 21.0, 21.1, 20.9, 21.1, 21.4, 20.9, 20.9, 20.8,
        21.0, 20.8, 21.3, 21.5, 21.6, 22.2, 22.5, 22.5, 23.3, 22.7, 22.9, 23.2,
        23.7, 23.6, 24.0, 24.1, 23.8, 24.2, 24.0, 24.1, 24.1, 23.9, 24.2, 24.8,
        24.1, 24.6, 24.8, 25.2, 25.7, 25.4, 25.6, 26.1, 26.0, 26.1, 26.2, 26.3,
        26.6, 26.6, 26.9, 27.0, 27.3, 27.2, 26.9, 27.6, 27.7, 27.7, 27.6, 28.0,
        27.7, 28.1, 28.0, 28.3, 28.4, 28.3, 28.5, 28.3, 28.7, 28.5, 28.8, 29.7,
        29.5, 30.1, 30.1, 30.1, 30.6, 30.5, 30.2, 30.4, 29.9, 30.1, 30.9, 31.2,
        31.3, 31.5, 31.4, 31.3, 31.2, 31.6, 31.9, 31.6, 32.0, 32.0, 32.0, 32.1,
        32.3, 32.7, 33.0, 33.0, 32.7, 32.8, 32.9, 32.7, 33.6, 33.7, 33.6, 33.6,
        33.6, 33.9, 33.6, 33.5, 33.0, 33.5, 33.8, 33.6, 33.4, 33.6, 33.7, 33.9,
        34.0, 34.1, 34.6, 35.3, 35.1, 35.5, 35.9, 35.8, 35.7, 35.6, 36.1, 36.6,
        36.6, 36.6, 36.6, 37.2, 37.3, 37.8, 37.8, 37.8, 37.8, 37.3, 37.4, 37.2,
        37.3, 37.2, 37.0, 37.1, 37.7, 37.7, 37.5, 37.9, 38.6, 38.4, 38.5, 38.8,
        39.1, 39.0, 38.8, 38.7, 39.2, 39.4, 39.8, 39.9, 40.0, 40.4, 39.5, 40.0,
        39.9, 39.9, 39.8, 39.9, 39.8, 40.1, 39.9, 39.8, 39.4, 39.4, 39.3, 39.5,
        39.5, 39.6, 39.1, 39.5, 39.3, 39.9, 39.7, 39.9, 39.8, 39.8, 39.6, 39.5,
        39.8, 40.0, 40.3, 40.3, 41.0, 41.0, 41.3, 40.8, 41.1, 40.7, 40.9, 41.5,
        41.4, 41.5, 41.9, 42.3, 41.9, 41.5, 41.6, 41.7, 42.6, 42.4, 41.9, 41.9,
        42.4, 42.4, 42.3, 42.0, 42.2, 43.5, 43.0, 43.2, 43.4, 42.4, 42.4, 42.9,
        44.2, 43.3, 44.6, 44.9, 44.6, 44.9, 43.8, 44.6, 44.8, 44.5, 45.8, 45.7,
        45.1, 45.6, 46.1, 45.9, 46.1, 45.5, 44.9, 44.9, 45.0, 45.8, 45.8, 45.6,
        46.0, 46.3, 46.6, 46.0, 46.3, 46.6, 46.6, 45.9, 46.0, 45.8, 46.5, 46.5,
        46.6, 46.2, 46.9, 46.9, 46.9, 46.8, 47.0, 47.0, 47.0, 46.7, 46.6, 46.5,
        46.2, 46.3, 46.6, 46.6, 47.3, 47.1, 47.3, 47.8, 48.4, 48.3, 47.4, 47.4,
        47.8, 47.6, 47.4, 47.8, 48.8, 48.6, 48.5, 48.2, 49.0, 49.2, 49.5, 48.7,
        47.1, 46.7, 46.9, 46.6, 46.7, 46.9, 46.5, 46.8, 47.0, 47.0, 47.5, 47.8,
        47.2, 47.4, 46.8, 47.0, 46.7, 46.7, 47.0, 46.8, 47.0, 46.4, 46.7, 46.5,
        46.3, 46.5, 47.6, 47.4, 46.8, 47.1, 46.7
      ],
      "loss": [
        10.387584686279297, 10.661473274230957, 10.853281021118164,
        11.089449882507324, 11.023225784301758, 11.10913372039795,
        10.969878196716309, 10.867999076843262, 10.9043607711792,
        10.97096061706543, 11.094395637512207, 11.129485130310059,
        11.186537742614746, 11.241015434265137, 11.311933517456055,
        11.371512413024902, 11.43506145477295, 11.003302574157715,
        11.00833797454834, 11.057099342346191, 11.08509635925293,
        11.145827293395996, 11.132743835449219, 11.191150665283203,
        11.168094635009766, 11.180826187133789, 11.182995796203613,
        11.220820426940918, 10.210287094116211, 10.296965599060059,
        10.378969192504883, 10.43531608581543, 10.537678718566895,
        10.55029010772705, 10.556407928466797, 10.665287017822266,
        10.725915908813477, 10.758818626403809, 10.793798446655273,
        10.237761497497559, 10.39000129699707, 10.37211799621582,
        10.42199420928955, 10.392090797424316, 10.436309814453125,
        10.5106840133667, 10.519709587097168, 10.528583526611328,
        10.576787948608398, 10.648120880126953, 10.688044548034668,
        10.741196632385254, 10.75103759765625, 10.7774076461792,
        10.816489219665527, 10.874069213867188, 10.308838844299316,
        9.813276290893555, 9.868703842163086, 9.924734115600586,
        9.980648040771484, 9.60776138305664, 9.663981437683105,
        9.610725402832031, 9.683012962341309, 9.647344589233398,
        9.375996589660645, 9.425166130065918, 9.415255546569824,
        9.458128929138184, 9.252259254455566, 9.253395080566406,
        9.320610046386719, 9.413392066955566, 9.40640640258789,
        9.468338012695312, 9.541976928710938, 9.5144681930542, 9.34030818939209,
        9.372108459472656, 9.37784481048584, 9.424711227416992,
        9.390388488769531, 9.411551475524902, 9.422403335571289,
        9.460314750671387, 9.514028549194336, 9.548009872436523,
        9.60472583770752, 9.627073287963867, 9.671245574951172,
        9.516139030456543, 9.527235984802246, 9.600168228149414,
        9.615418434143066, 9.495128631591797, 9.574799537658691,
        9.578421592712402, 9.594911575317383, 9.596626281738281,
        9.598016738891602, 9.61711311340332, 9.635651588439941,
        9.484894752502441, 9.461027145385742, 9.462264060974121,
        9.425891876220703, 9.449019432067871, 9.474802017211914,
        9.493000984191895, 9.54448127746582, 9.52943229675293,
        9.547619819641113, 9.582895278930664, 9.599547386169434,
        9.588068962097168, 9.58349323272705, 9.581180572509766,
        9.362656593322754, 9.355669975280762, 9.373767852783203,
        9.364266395568848, 9.37519645690918, 9.375152587890625,
        9.395363807678223, 9.398618698120117, 9.427350044250488,
        9.426372528076172, 9.439863204956055, 9.465363502502441,
        9.465909957885742, 9.417950630187988, 9.42362117767334,
        9.432888984680176, 9.237906455993652, 9.243696212768555,
        9.244832038879395, 9.27279281616211, 9.27857780456543,
        9.274377822875977, 9.300293922424316, 9.291318893432617,
        9.207720756530762, 9.132516860961914, 9.13267993927002,
        9.118280410766602, 9.127630233764648, 9.138322830200195,
        9.253561973571777, 9.251169204711914, 9.276936531066895,
        9.28995418548584, 9.289128303527832, 9.286881446838379,
        9.29716968536377, 9.326366424560547, 9.358291625976562,
        9.306572914123535, 9.307032585144043, 9.321743965148926,
        9.325352668762207, 9.107970237731934, 9.116719245910645,
        9.124874114990234, 9.161712646484375, 9.184893608093262,
        8.935517311096191, 8.940186500549316, 8.918911933898926,
        8.924476623535156, 8.245986938476562, 8.276470184326172,
        7.898531436920166, 7.944793224334717, 7.938490867614746,
        7.970802307128906, 8.001053810119629, 7.913379192352295,
        7.606086254119873, 7.605519771575928, 7.598877429962158,
        7.242822170257568, 7.2138848304748535, 7.222750186920166,
        7.2552490234375, 7.2682414054870605, 7.259435653686523,
        7.280364036560059, 7.3040337562561035, 7.3002238273620605,
        7.3119096755981445, 7.314657211303711, 7.340157985687256,
        7.378782272338867, 7.300563335418701, 7.305297374725342,
        7.279352188110352, 7.288418769836426, 7.295416831970215,
        7.314918518066406, 7.268009185791016, 7.250338077545166,
        7.248708724975586, 7.262176990509033, 7.259670734405518,
        7.2871198654174805, 7.253455638885498, 7.251694202423096,
        7.207383632659912, 7.204301357269287, 7.229373455047607,
        7.214700222015381, 7.226249694824219, 7.231957912445068,
        7.229506969451904, 7.242932319641113, 7.2320966720581055,
        6.9744768142700195, 6.999429702758789, 7.027529716491699,
        7.020756721496582, 6.993060111999512, 7.036737442016602,
        7.062892436981201, 7.038661479949951, 7.027639865875244,
        6.93371057510376, 6.898436546325684, 6.88137674331665,
        6.918962001800537, 6.928951263427734, 6.907032489776611,
        6.92617654800415, 6.939295291900635, 6.848666191101074,
        6.841744422912598, 6.846132755279541, 6.844509601593018,
        6.851924419403076, 6.835240364074707, 6.8246026039123535,
        6.81532621383667, 6.843290328979492, 6.6972432136535645,
        6.715123176574707, 6.705377101898193, 6.7146453857421875,
        6.7048420906066895, 6.707997798919678, 6.72592830657959,
        6.732211589813232, 6.743828773498535, 6.722836017608643,
        6.747859001159668, 6.708039283752441, 6.721816062927246,
        6.565882682800293, 6.575581073760986, 6.596155643463135,
        6.591849327087402, 6.579784393310547, 6.591336727142334,
        6.595764636993408, 6.586947917938232, 6.570080280303955,
        6.556698322296143, 6.537789821624756, 6.540623664855957,
        6.541745185852051, 6.56074857711792, 6.552814960479736,
        6.560789108276367, 6.361252307891846, 6.337414741516113,
        6.396141529083252, 6.375879764556885, 6.342550754547119,
        6.346075534820557, 6.344954490661621, 6.345059394836426,
        6.331869602203369, 6.002965450286865, 6.03665018081665,
        5.947439670562744, 5.942356109619141, 5.999378204345703,
        5.985306739807129, 5.987729072570801, 5.836021900177002,
        5.87442684173584, 5.827572345733643, 5.819307327270508,
        5.828903675079346, 5.833641529083252, 5.834666728973389,
        5.814724922180176, 5.810922622680664, 5.812265396118164,
        5.415565013885498, 5.413556098937988, 5.428985595703125,
        5.430110931396484, 5.395118236541748, 5.414865970611572,
        5.286744594573975, 5.322525501251221, 5.326969146728516,
        5.32745361328125, 5.329713821411133, 5.078685760498047,
        5.06530237197876, 5.068138122558594, 5.063488960266113,
        5.053349494934082, 5.054040431976318, 5.050051212310791,
        5.027979850769043, 5.024982929229736, 5.04919958114624,
        5.062740325927734, 5.062592506408691, 5.071859836578369,
        4.988945960998535, 4.9842610359191895, 4.968433856964111,
        4.974797248840332, 4.971401691436768, 4.985754013061523,
        4.994566440582275, 4.999250411987305, 4.990412712097168,
        4.749809741973877, 4.75815486907959, 4.771368026733398,
        4.790066719055176, 4.7905659675598145, 4.816132545471191,
        4.820870876312256, 4.822733402252197, 4.800990581512451,
        4.735503196716309, 4.725000858306885, 4.716167449951172,
        4.71610164642334, 4.69767427444458, 4.6964430809021, 4.713266849517822,
        4.712161064147949, 4.7104058265686035, 4.719189167022705,
        4.730309963226318, 4.723659992218018, 4.684942245483398,
        4.6869072914123535, 4.687167167663574, 4.690300941467285,
        4.671221733093262, 4.662598133087158, 4.662520408630371,
        4.681398868560791, 4.756850242614746, 4.771701335906982,
        4.771219253540039, 4.812623977661133, 4.799496173858643,
        4.786509990692139, 4.818286895751953, 4.797121524810791,
        4.787665843963623, 4.804333686828613, 4.792144298553467,
        4.779759883880615, 4.776362419128418, 4.7613844871521,
        4.769130229949951, 4.754749774932861, 4.774104595184326,
        4.769221305847168, 4.781482696533203, 4.789614200592041,
        4.781571388244629, 4.811319351196289, 4.796473979949951,
        4.814334392547607, 4.838050842285156, 4.8366169929504395,
        4.794606685638428, 4.791406631469727, 4.824560165405273,
        4.8163533210754395, 4.834229469299316
      ]
    }
  },
  {
    "RBS_7500_HL2": {
      "acc": [
        11.6, 11.5, 9.8, 8.7, 10.2, 9.9, 11.2, 11.2, 12.0, 11.8, 11.6, 12.2,
        12.7, 12.7, 12.3, 12.9, 12.7, 13.3, 14.2, 14.3, 14.5, 14.5, 14.5, 13.6,
        14.5, 14.9, 14.9, 15.3, 15.4, 15.6, 15.9, 16.5, 16.1, 16.5, 16.5, 16.8,
        16.7, 17.0, 17.0, 17.2, 16.5, 17.2, 16.9, 17.3, 17.3, 18.1, 18.1, 18.2,
        18.4, 18.3, 18.7, 18.5, 19.2, 19.2, 19.3, 18.8, 18.9, 19.2, 19.2, 18.8,
        19.5, 19.7, 19.8, 20.6, 20.6, 20.6, 19.9, 19.7, 21.1, 20.5, 20.1, 20.7,
        20.4, 20.4, 20.7, 21.5, 20.9, 22.1, 22.1, 21.9, 21.8, 21.8, 21.8, 22.4,
        23.3, 23.3, 23.3, 23.2, 22.4, 23.1, 22.9, 22.9, 22.8, 22.8, 23.5, 24.5,
        23.8, 24.9, 25.1, 24.5, 24.9, 24.5, 24.7, 25.2, 24.9, 25.6, 25.7, 25.1,
        26.1, 26.4, 26.3, 26.5, 26.3, 27.0, 25.9, 27.0, 27.4, 27.1, 26.9, 27.0,
        26.6, 26.5, 26.8, 26.9, 26.9, 27.9, 27.3, 27.1, 27.2, 26.8, 27.1, 28.1,
        28.7, 27.9, 27.8, 28.2, 28.0, 28.5, 28.7, 28.5, 29.2, 28.5, 28.7, 29.3,
        29.7, 29.3, 29.4, 29.3, 29.0, 29.8, 29.6, 29.4, 30.1, 30.2, 29.8, 30.5,
        31.1, 32.1, 32.6, 32.2, 31.9, 32.5, 32.0, 32.3, 33.1, 33.0, 33.6, 33.7,
        33.6, 33.4, 33.7, 33.5, 33.5, 33.1, 33.6, 33.9, 34.1, 34.4, 34.4, 34.4,
        34.5, 34.2, 35.3, 35.6, 35.3, 35.1, 35.7, 35.1, 35.3, 34.5, 35.3, 35.8,
        36.1, 35.6, 36.5, 37.1, 37.0, 36.6, 37.9, 37.7, 37.4, 36.7, 37.1, 36.9,
        36.5, 37.1, 37.3, 37.6, 37.3, 37.1, 37.0, 37.4, 37.0, 37.7, 37.1, 38.2,
        38.8, 38.2, 36.9, 37.4, 36.3, 37.5, 37.9, 38.3, 38.1, 38.9, 38.8, 39.0,
        38.5, 37.7, 37.5, 38.7, 37.7, 37.7, 38.6, 38.4, 38.2, 38.4, 38.1, 38.7,
        39.1, 39.1, 39.0, 38.6, 39.1, 38.2, 38.3, 38.3, 38.6, 38.3, 38.2, 38.6,
        38.9, 39.6, 39.8, 40.2, 40.1, 39.8, 40.4, 40.0, 40.2, 40.6, 40.2, 40.0,
        40.2, 40.8, 41.2, 40.8, 40.9, 40.7, 40.8, 40.4, 40.8, 40.4, 39.2, 39.8,
        41.0, 40.3, 41.0, 41.0, 40.7, 41.2, 40.8, 42.5, 41.8, 40.1, 40.9, 41.8,
        42.8, 42.2, 42.6, 42.5, 42.9, 42.4, 41.9, 43.2, 43.1, 43.0, 44.6, 44.4,
        44.1, 43.5, 43.9, 43.8, 44.4, 42.3, 41.6, 42.9, 43.0, 43.8, 43.0, 43.0,
        43.0, 43.4, 43.2, 44.2, 43.9, 43.7, 43.4, 43.2, 43.6, 43.6, 43.4, 43.2,
        43.8, 42.6, 43.0, 43.4, 43.2, 43.6, 43.8, 44.6, 44.8, 44.6, 44.2, 43.9,
        43.3, 43.2, 43.4, 43.8, 45.1, 44.8, 44.0, 44.7, 43.9, 44.8, 44.2, 44.3,
        44.3, 44.6, 44.5, 44.0, 45.2, 44.9, 45.0, 45.0, 45.0, 44.7, 44.4, 44.6,
        42.0, 43.0, 43.2, 42.2, 43.8, 43.4, 42.5, 42.6, 42.5, 42.5, 43.2, 42.8,
        41.8, 42.9, 42.8, 42.8, 42.8, 43.1, 42.8, 43.6, 43.3, 42.9, 42.7, 42.0,
        42.2, 42.0, 43.9, 43.2, 42.9, 42.2, 41.3
      ],
      "loss": [
        10.403231620788574, 10.520405769348145, 10.921340942382812,
        11.224849700927734, 11.080662727355957, 11.248576164245605,
        11.028953552246094, 11.081701278686523, 10.821877479553223,
        11.125771522521973, 11.254373550415039, 11.293389320373535,
        11.263053894042969, 11.213865280151367, 11.44348430633545,
        11.483942985534668, 11.621538162231445, 10.790224075317383,
        10.784626960754395, 10.8773775100708, 10.882844924926758,
        10.871764183044434, 10.883713722229004, 11.191596031188965,
        11.130718231201172, 11.083088874816895, 11.047012329101562,
        11.03917407989502, 10.89029598236084, 11.002448081970215,
        11.043087005615234, 11.08694839477539, 11.072309494018555,
        11.1571683883667, 11.229218482971191, 11.27810001373291,
        11.3196382522583, 11.256634712219238, 11.295551300048828,
        10.964887619018555, 11.124095916748047, 11.070039749145508,
        11.07210636138916, 11.061382293701172, 11.126313209533691,
        11.092133522033691, 11.159305572509766, 11.145183563232422,
        11.157262802124023, 11.235885620117188, 11.223121643066406,
        11.185171127319336, 11.183286666870117, 11.25379467010498,
        11.238097190856934, 11.30804443359375, 10.532180786132812,
        9.847025871276855, 9.737975120544434, 9.808773040771484,
        9.813521385192871, 9.410861015319824, 9.4724702835083,
        9.436996459960938, 9.494084358215332, 9.422837257385254,
        9.273032188415527, 9.343239784240723, 9.225897789001465,
        9.234314918518066, 9.008490562438965, 9.022863388061523,
        9.07897663116455, 9.10642147064209, 9.098559379577637,
        9.170814514160156, 9.243430137634277, 9.125335693359375,
        9.104337692260742, 9.172271728515625, 9.229965209960938,
        9.285207748413086, 9.267187118530273, 9.312577247619629,
        9.229874610900879, 9.284075736999512, 9.349435806274414,
        9.361332893371582, 9.439242362976074, 9.470125198364258,
        9.524062156677246, 9.330312728881836, 9.306266784667969,
        9.333959579467773, 9.301963806152344, 9.249272346496582,
        9.361102104187012, 9.307639122009277, 9.289164543151855,
        9.373772621154785, 9.349899291992188, 9.439516067504883,
        9.474390029907227, 9.255912780761719, 9.268365859985352,
        9.282071113586426, 9.245039939880371, 9.261149406433105,
        9.28604507446289, 9.247451782226562, 9.347774505615234,
        9.299664497375488, 9.340203285217285, 9.352164268493652,
        9.411093711853027, 9.340203285217285, 9.347517967224121,
        9.370362281799316, 9.067047119140625, 9.091473579406738,
        9.120269775390625, 9.102775573730469, 9.18422794342041,
        9.183363914489746, 9.224701881408691, 9.188375473022461,
        9.28879165649414, 9.229740142822266, 9.251203536987305,
        9.29537582397461, 9.31076717376709, 9.279878616333008, 9.25876522064209,
        9.270302772521973, 9.022046089172363, 9.042183876037598,
        9.083819389343262, 9.111674308776855, 9.059490203857422,
        9.124439239501953, 9.105484008789062, 9.125041961669922,
        8.818326950073242, 8.722375869750977, 8.71697998046875,
        8.73343276977539, 8.715177536010742, 8.722824096679688,
        8.743581771850586, 8.712366104125977, 8.774256706237793,
        8.816527366638184, 8.820117950439453, 8.873894691467285,
        8.85993480682373, 8.901347160339355, 8.896143913269043,
        8.834144592285156, 8.825450897216797, 8.88025188446045,
        8.877542495727539, 8.868941307067871, 8.870041847229004,
        8.947257995605469, 8.886065483093262, 8.90475845336914,
        8.604462623596191, 8.637175559997559, 8.617066383361816,
        8.677739143371582, 8.544321060180664, 8.598085403442383,
        8.48415470123291, 8.484915733337402, 8.496186256408691,
        8.478357315063477, 8.495413780212402, 8.34921932220459,
        8.19996452331543, 8.23387336730957, 8.252029418945312,
        7.946066379547119, 7.8669939041137695, 7.852230548858643,
        7.870176792144775, 7.8845415115356445, 7.896690845489502,
        7.951389789581299, 7.927206516265869, 7.989071369171143,
        7.972020626068115, 7.95136833190918, 7.941537380218506,
        7.996173858642578, 7.940384864807129, 7.932289123535156,
        7.90253210067749, 7.918884754180908, 7.916458606719971,
        7.9639763832092285, 7.764791965484619, 7.535171031951904,
        7.545565605163574, 7.555220603942871, 7.57368278503418,
        7.537788391113281, 7.517038822174072, 7.526384353637695,
        7.54112434387207, 7.534957408905029, 7.560997486114502,
        7.529048442840576, 7.599289894104004, 7.548766613006592,
        7.556905269622803, 7.576526165008545, 7.5802412033081055,
        7.286887168884277, 7.33707332611084, 7.363012790679932,
        7.3644890785217285, 7.318967342376709, 7.330012321472168,
        7.360937118530273, 7.335862159729004, 7.304753303527832,
        7.115350246429443, 7.087848663330078, 7.086968898773193,
        7.108253002166748, 7.1390299797058105, 7.081902503967285,
        7.1038970947265625, 7.171665668487549, 6.981977462768555,
        6.983515739440918, 6.9434638023376465, 6.965370178222656,
        6.9770355224609375, 6.960977077484131, 6.950857162475586,
        6.99747896194458, 6.977654933929443, 6.839536190032959,
        6.884928226470947, 6.904200553894043, 6.918703079223633,
        6.89963436126709, 6.909309387207031, 6.931185722351074,
        6.97606897354126, 6.964242458343506, 6.963476181030273,
        6.90983247756958, 6.883084774017334, 6.901895999908447,
        6.648320198059082, 6.6845574378967285, 6.69449520111084,
        6.690990447998047, 6.716427803039551, 6.721128463745117,
        6.722774505615234, 6.724798679351807, 6.731359481811523,
        6.686751365661621, 6.671970367431641, 6.729087829589844,
        6.715231418609619, 6.738267421722412, 6.7668232917785645,
        6.79716682434082, 6.580745220184326, 6.585568428039551,
        6.684881687164307, 6.640796184539795, 6.542315483093262,
        6.575013637542725, 6.548496723175049, 6.6005024909973145,
        6.578115940093994, 6.397244930267334, 6.436094284057617,
        6.184567451477051, 6.208776473999023, 6.294129848480225,
        6.253605842590332, 6.235047817230225, 5.9830756187438965,
        6.059028625488281, 6.016581058502197, 6.035394191741943,
        6.031632900238037, 6.020476341247559, 6.097846508026123,
        6.029033184051514, 6.0427470207214355, 6.027987480163574,
        5.689355373382568, 5.69749116897583, 5.723409175872803,
        5.713286876678467, 5.694903373718262, 5.711032867431641,
        5.538259029388428, 5.6718010902404785, 5.669296741485596,
        5.652660846710205, 5.656048774719238, 5.439970970153809,
        5.427367687225342, 5.386845111846924, 5.404833793640137,
        5.396973609924316, 5.409371852874756, 5.370726585388184,
        5.367035865783691, 5.380268573760986, 5.405455112457275,
        5.439823627471924, 5.429193496704102, 5.424712657928467,
        5.272970199584961, 5.301675319671631, 5.2740936279296875,
        5.331008434295654, 5.274571895599365, 5.263300895690918,
        5.279116630554199, 5.25018310546875, 5.244704723358154,
        5.055623531341553, 5.081387042999268, 5.064706802368164,
        5.119540214538574, 5.116595268249512, 5.1649980545043945,
        5.177609920501709, 5.157125473022461, 5.1319355964660645,
        4.922617435455322, 4.934959411621094, 4.947833061218262,
        4.925549507141113, 4.945676326751709, 4.909214973449707,
        4.940283298492432, 4.955965042114258, 4.968909740447998,
        4.96699857711792, 4.967440128326416, 5.003229141235352,
        4.93742561340332, 4.93096399307251, 4.921740531921387,
        4.963792324066162, 4.97705078125, 4.9590163230896, 4.963461875915527,
        4.975639820098877, 5.124950408935547, 5.0577168464660645,
        5.033969402313232, 5.106564998626709, 5.043675899505615,
        5.050750255584717, 5.119783878326416, 5.114109516143799,
        5.1002912521362305, 5.125092506408691, 5.097647666931152,
        5.104107856750488, 5.118580341339111, 5.110206604003906,
        5.052286624908447, 5.083194732666016, 5.0811638832092285,
        5.093504428863525, 5.116884231567383, 5.114144802093506,
        5.121330738067627, 5.127936840057373, 5.144628047943115,
        5.16019344329834, 5.1609368324279785, 5.172252655029297,
        5.0433197021484375, 5.097972869873047, 5.118246078491211, 5.150390625,
        5.177299976348877
      ]
    }
  },
  {
    "RBS_7500_HL3": {
      "acc": [
        11.3, 10.9, 9.6, 8.2, 10.4, 9.9, 10.8, 11.0, 11.6, 11.6, 11.0, 11.2,
        11.9, 11.6, 12.0, 12.3, 11.7, 12.6, 13.3, 13.4, 14.2, 13.7, 13.9, 13.8,
        14.1, 14.5, 13.8, 14.9, 15.1, 15.3, 15.3, 15.5, 15.6, 16.1, 16.0, 15.7,
        15.7, 16.4, 16.4, 16.5, 16.4, 16.3, 15.9, 16.1, 16.1, 16.5, 16.5, 17.1,
        17.5, 17.3, 17.8, 16.8, 17.9, 17.9, 18.0, 17.6, 18.1, 18.3, 18.7, 18.9,
        19.3, 19.4, 19.4, 20.0, 19.7, 19.8, 20.5, 20.0, 20.6, 19.9, 19.7, 20.3,
        20.2, 19.8, 20.1, 20.2, 20.1, 21.0, 20.4, 20.5, 20.3, 19.9, 20.6, 21.6,
        22.0, 21.4, 21.4, 21.9, 21.3, 22.2, 22.4, 22.5, 22.9, 22.4, 23.3, 24.2,
        23.3, 24.1, 24.5, 25.0, 24.9, 25.3, 25.0, 25.0, 24.9, 25.4, 26.0, 25.3,
        25.7, 25.9, 25.7, 26.1, 25.8, 26.3, 25.8, 27.0, 27.0, 27.1, 27.2, 26.9,
        27.0, 27.1, 27.7, 28.1, 28.1, 28.9, 28.3, 28.3, 28.2, 28.1, 28.2, 29.1,
        29.3, 29.1, 29.5, 29.6, 30.0, 30.0, 30.6, 30.4, 30.7, 30.2, 30.0, 30.7,
        30.7, 30.6, 31.1, 31.1, 29.7, 30.8, 30.3, 30.0, 30.4, 30.8, 31.0, 30.5,
        31.7, 31.4, 31.8, 31.5, 31.3, 31.4, 31.9, 32.0, 31.7, 32.0, 31.5, 32.2,
        32.1, 32.1, 32.4, 32.2, 31.6, 32.0, 32.2, 33.4, 33.3, 33.5, 34.1, 34.1,
        33.9, 34.5, 34.9, 34.5, 34.9, 35.1, 34.6, 34.6, 34.9, 34.6, 34.6, 36.1,
        36.3, 35.2, 36.2, 36.0, 36.1, 36.6, 36.9, 36.7, 36.5, 36.3, 36.5, 36.0,
        35.6, 36.1, 36.2, 36.5, 36.2, 36.1, 36.4, 36.5, 36.3, 37.2, 37.6, 37.8,
        38.2, 38.1, 36.4, 36.9, 37.0, 37.5, 38.2, 38.0, 38.2, 39.2, 39.8, 39.0,
        39.5, 39.0, 39.2, 38.8, 38.5, 37.7, 38.1, 38.4, 39.0, 39.2, 39.1, 39.8,
        39.7, 39.4, 38.5, 38.7, 38.6, 37.8, 38.2, 38.0, 38.6, 37.6, 37.7, 38.1,
        38.1, 38.7, 39.3, 39.7, 39.9, 40.2, 40.0, 39.7, 39.9, 40.3, 40.0, 40.2,
        40.4, 40.9, 40.9, 40.6, 41.4, 40.7, 40.3, 40.8, 41.4, 41.0, 40.7, 41.2,
        41.7, 41.5, 41.3, 41.8, 40.9, 42.8, 41.4, 41.4, 41.2, 40.4, 40.5, 41.1,
        42.8, 41.9, 42.4, 42.3, 41.9, 42.5, 41.8, 43.0, 43.5, 43.0, 44.4, 43.7,
        43.7, 43.6, 44.6, 43.8, 44.4, 44.0, 43.0, 43.7, 44.1, 44.6, 43.9, 44.7,
        43.9, 44.1, 44.0, 44.2, 43.9, 43.2, 43.3, 42.4, 44.0, 43.5, 44.2, 44.3,
        45.1, 44.2, 43.5, 43.5, 43.5, 44.0, 44.6, 46.5, 46.1, 45.2, 44.7, 44.8,
        44.3, 44.6, 43.8, 45.1, 46.1, 45.2, 45.4, 46.3, 45.0, 45.9, 45.5, 45.1,
        45.0, 45.7, 45.0, 44.5, 46.1, 46.5, 45.5, 44.8, 45.1, 45.9, 45.3, 45.5,
        43.5, 44.2, 44.4, 43.3, 43.4, 43.2, 42.5, 42.8, 42.6, 42.8, 42.6, 42.8,
        42.9, 43.6, 43.5, 43.8, 42.6, 43.1, 43.1, 43.0, 43.2, 42.2, 43.2, 43.2,
        42.3, 42.4, 43.6, 43.1, 42.3, 42.8, 42.9
      ],
      "loss": [
        10.486784934997559, 10.708887100219727, 11.095072746276855,
        11.440237998962402, 10.859701156616211, 11.022795677185059,
        11.087053298950195, 11.2748384475708, 11.171653747558594,
        11.26497745513916, 11.416711807250977, 11.420825958251953,
        11.49477481842041, 11.555816650390625, 11.517661094665527,
        11.629657745361328, 11.785508155822754, 11.185955047607422,
        11.17496395111084, 11.248675346374512, 11.138639450073242,
        11.159578323364258, 11.261777877807617, 11.434959411621094,
        11.478326797485352, 11.336291313171387, 11.376518249511719,
        11.320854187011719, 10.675451278686523, 10.697871208190918,
        10.799492835998535, 10.865708351135254, 10.876407623291016,
        10.84815788269043, 10.96269702911377, 11.109503746032715,
        11.149213790893555, 11.119514465332031, 11.158833503723145,
        10.627882957458496, 10.80609130859375, 10.693014144897461,
        10.745418548583984, 10.673810005187988, 10.81653881072998,
        10.861888885498047, 10.824938774108887, 10.716145515441895,
        10.782526969909668, 10.84587287902832, 10.901055335998535,
        10.870574951171875, 10.819329261779785, 10.88848876953125,
        10.91709041595459, 11.032187461853027, 10.446070671081543,
        10.000563621520996, 10.023472785949707, 10.068103790283203,
        10.059375762939453, 9.85432243347168, 9.939898490905762,
        9.876712799072266, 9.99467658996582, 9.702366828918457, 9.28125,
        9.422881126403809, 9.313667297363281, 9.43066120147705,
        9.353598594665527, 9.324028015136719, 9.459035873413086,
        9.486169815063477, 9.398811340332031, 9.495481491088867,
        9.594499588012695, 9.556522369384766, 9.206698417663574,
        9.2898530960083, 9.307611465454102, 9.426016807556152, 9.36504077911377,
        9.375774383544922, 9.445942878723145, 9.380403518676758,
        9.429841995239258, 9.420817375183105, 9.497044563293457,
        9.504402160644531, 9.536229133605957, 9.42762565612793,
        9.389863014221191, 9.542190551757812, 9.421404838562012,
        9.2864990234375, 9.476613998413086, 9.382540702819824,
        9.430142402648926, 9.43741226196289, 9.449288368225098,
        9.487215995788574, 9.523178100585938, 9.298755645751953,
        9.3185396194458, 9.322688102722168, 9.330885887145996,
        9.333393096923828, 9.350610733032227, 9.396319389343262,
        9.417705535888672, 9.455816268920898, 9.556561470031738,
        9.522201538085938, 9.606846809387207, 9.521584510803223,
        9.53469467163086, 9.516324043273926, 8.977954864501953,
        8.995627403259277, 9.022636413574219, 8.913945198059082,
        8.944412231445312, 8.955815315246582, 8.980964660644531,
        8.967124938964844, 9.019747734069824, 8.993454933166504,
        9.014901161193848, 9.05672550201416, 9.03915786743164,
        9.026416778564453, 9.062895774841309, 9.038914680480957,
        8.75682258605957, 8.742616653442383, 8.729687690734863,
        8.747184753417969, 8.741673469543457, 8.778271675109863,
        8.805253982543945, 8.8019437789917, 8.588951110839844,
        8.559834480285645, 8.594378471374512, 8.571548461914062,
        8.501974105834961, 8.552583694458008, 8.653693199157715,
        8.630230903625488, 8.635834693908691, 8.6736478805542,
        8.696147918701172, 8.706143379211426, 8.704678535461426,
        8.719002723693848, 8.690247535705566, 8.670645713806152,
        8.635725021362305, 8.675411224365234, 8.708284378051758,
        8.406251907348633, 8.453131675720215, 8.426328659057617,
        8.504790306091309, 8.533927917480469, 8.372699737548828,
        8.392285346984863, 8.377693176269531, 8.353840827941895,
        8.11370849609375, 8.136995315551758, 8.046510696411133,
        8.046880722045898, 8.065874099731445, 8.067336082458496,
        8.071243286132812, 7.749484062194824, 7.571815013885498,
        7.5644426345825195, 7.565763473510742, 7.444122791290283,
        7.429683208465576, 7.423288822174072, 7.432046890258789,
        7.437687397003174, 7.464269638061523, 7.485532760620117,
        7.460580348968506, 7.510761737823486, 7.520233154296875,
        7.442256450653076, 7.47589111328125, 7.541368007659912,
        7.467082500457764, 7.475388526916504, 7.467833995819092,
        7.436773300170898, 7.44832706451416, 7.455132961273193,
        7.32240104675293, 7.192990779876709, 7.193406105041504,
        7.182323455810547, 7.196473121643066, 7.142614841461182,
        7.1398606300354, 7.134904384613037, 7.150389194488525,
        7.176288604736328, 7.195172309875488, 7.228461742401123,
        7.2634077072143555, 7.2320451736450195, 7.214054107666016,
        7.215189456939697, 7.216524600982666, 6.955004692077637,
        7.037463665008545, 7.084025859832764, 7.062178611755371,
        7.01874303817749, 7.014710903167725, 7.030494213104248,
        7.017736434936523, 6.96514368057251, 6.821084499359131,
        6.844597816467285, 6.818548202514648, 6.846623420715332,
        6.87107515335083, 6.86929178237915, 6.878330707550049,
        6.933643817901611, 6.790995121002197, 6.817575931549072,
        6.645310878753662, 6.64370059967041, 6.658259868621826,
        6.641419887542725, 6.625979900360107, 6.6608147621154785,
        6.667888641357422, 6.55713415145874, 6.573322772979736,
        6.586813926696777, 6.582053184509277, 6.629694938659668,
        6.618443012237549, 6.627615451812744, 6.660884857177734,
        6.6533002853393555, 6.634397029876709, 6.598855018615723,
        6.590705871582031, 6.580423831939697, 6.381944179534912,
        6.400548458099365, 6.398947715759277, 6.387480735778809,
        6.397011756896973, 6.416319847106934, 6.414821147918701,
        6.415399074554443, 6.40796422958374, 6.433752536773682,
        6.441200256347656, 6.4548468589782715, 6.446361541748047,
        6.531205177307129, 6.5268940925598145, 6.512852191925049,
        6.221909999847412, 6.225675106048584, 6.346688270568848,
        6.297203063964844, 6.254915714263916, 6.3101725578308105,
        6.2920732498168945, 6.305922031402588, 6.3257551193237305,
        6.129508972167969, 6.177269458770752, 6.105903148651123,
        6.107404708862305, 6.182651519775391, 6.158965587615967,
        6.127365589141846, 5.84926700592041, 5.948122024536133,
        5.90377950668335, 5.897587299346924, 5.902978420257568,
        5.902114391326904, 5.981768608093262, 5.905252456665039,
        5.8867950439453125, 5.895325660705566, 5.742761611938477,
        5.751338481903076, 5.784185886383057, 5.7807841300964355,
        5.776909351348877, 5.781330108642578, 5.598561763763428,
        5.649115085601807, 5.6716790199279785, 5.642707824707031,
        5.61751651763916, 5.358851432800293, 5.388545036315918,
        5.3634748458862305, 5.393636703491211, 5.378757953643799,
        5.384210109710693, 5.350536823272705, 5.3820672035217285,
        5.4107441902160645, 5.411876201629639, 5.447617053985596,
        5.390173435211182, 5.41802978515625, 5.224228858947754,
        5.233309745788574, 5.207642555236816, 5.264285087585449,
        5.295771598815918, 5.28395938873291, 5.293032646179199,
        5.2849273681640625, 5.25277853012085, 4.994735240936279,
        5.038268089294434, 5.055279731750488, 5.139544486999512,
        5.102204322814941, 5.157262325286865, 5.16076135635376,
        5.134322166442871, 5.1023850440979, 4.926665306091309,
        4.9383721351623535, 4.915164947509766, 4.894608497619629,
        4.946267127990723, 4.901543617248535, 4.920304298400879,
        4.917594909667969, 4.963625431060791, 4.943662166595459,
        4.957880973815918, 4.981478691101074, 4.894426345825195,
        4.899599552154541, 4.935248374938965, 4.9726715087890625,
        4.943909645080566, 4.928646564483643, 4.9401021003723145,
        4.965345859527588, 5.039365768432617, 4.981725692749023,
        4.970165729522705, 5.0397725105285645, 5.0488600730896,
        5.008393287658691, 5.085021495819092, 5.046257495880127,
        5.0675787925720215, 5.092027187347412, 5.104246616363525,
        5.080643177032471, 5.059695243835449, 5.031060695648193,
        5.006016731262207, 5.006438255310059, 5.096395492553711,
        5.07185173034668, 5.0609025955200195, 5.088636875152588,
        5.065763473510742, 5.116902828216553, 5.076132297515869,
        5.100830554962158, 5.177229404449463, 5.167347431182861,
        5.044045448303223, 5.091048240661621, 5.1398420333862305,
        5.1261138916015625, 5.100390911102295
      ]
    }
  },
  {
    "RBS_7500_HL4": {
      "acc": [
        11.7, 10.3, 9.1, 8.0, 9.4, 9.2, 10.2, 10.4, 11.2, 11.1, 10.6, 11.2,
        11.7, 11.8, 12.2, 12.4, 11.9, 12.9, 13.5, 13.3, 14.3, 14.4, 15.2, 14.1,
        14.7, 14.8, 14.4, 14.9, 15.5, 15.1, 15.6, 15.3, 15.7, 15.7, 16.1, 15.9,
        15.9, 16.5, 16.9, 16.9, 16.4, 16.6, 16.4, 16.8, 17.0, 17.0, 17.1, 17.5,
        17.3, 17.2, 17.7, 17.5, 18.1, 17.9, 17.8, 17.7, 18.0, 17.4, 18.0, 18.4,
        18.8, 19.1, 19.4, 19.8, 20.3, 19.8, 20.5, 19.6, 20.8, 20.1, 20.1, 20.6,
        20.4, 19.7, 20.6, 20.9, 21.2, 22.1, 21.3, 21.4, 21.4, 20.9, 21.9, 21.9,
        22.4, 22.4, 22.4, 23.2, 22.1, 22.7, 22.6, 23.3, 23.3, 22.6, 23.4, 25.0,
        23.4, 23.8, 23.9, 24.5, 24.9, 25.1, 25.0, 24.9, 25.0, 25.4, 25.5, 25.6,
        26.3, 25.9, 25.7, 26.1, 25.9, 26.1, 25.7, 26.1, 26.0, 26.1, 26.4, 26.4,
        26.5, 26.3, 26.8, 26.3, 27.3, 27.7, 28.0, 27.7, 27.8, 27.6, 28.1, 27.9,
        28.6, 28.5, 28.2, 28.3, 28.0, 28.3, 28.9, 29.0, 28.3, 28.9, 28.9, 29.7,
        30.0, 29.6, 29.8, 30.7, 29.8, 30.1, 30.4, 30.2, 30.6, 30.6, 30.5, 30.2,
        31.3, 31.3, 31.7, 31.7, 31.8, 31.9, 32.2, 31.8, 32.0, 32.3, 33.0, 33.1,
        33.3, 33.2, 33.0, 33.1, 32.8, 33.1, 32.4, 33.6, 33.7, 33.4, 33.4, 33.7,
        33.9, 34.9, 35.7, 34.8, 35.3, 35.4, 35.1, 35.0, 35.6, 35.4, 35.0, 35.6,
        36.2, 35.8, 36.8, 36.7, 37.6, 37.2, 37.5, 37.1, 36.5, 36.8, 36.8, 36.6,
        36.5, 37.2, 37.5, 37.4, 37.2, 37.7, 37.0, 37.6, 36.7, 37.1, 37.5, 37.2,
        38.0, 37.1, 36.9, 37.0, 37.1, 38.6, 38.6, 38.2, 39.1, 39.2, 40.5, 39.9,
        40.1, 39.2, 39.2, 39.1, 39.4, 38.4, 39.7, 39.4, 39.0, 39.4, 39.4, 39.8,
        39.7, 39.0, 38.4, 38.9, 38.4, 38.0, 39.0, 38.6, 38.7, 38.8, 38.2, 38.5,
        38.3, 39.0, 40.0, 40.3, 39.4, 39.9, 40.3, 39.8, 39.8, 39.8, 39.4, 38.5,
        40.0, 40.1, 40.6, 41.4, 40.9, 39.9, 40.5, 41.1, 41.2, 41.0, 40.8, 40.8,
        41.7, 41.5, 41.5, 41.4, 41.4, 41.9, 40.8, 41.9, 41.3, 40.2, 41.3, 41.3,
        42.6, 42.2, 43.3, 43.3, 43.1, 43.1, 42.3, 43.3, 43.7, 43.8, 44.6, 44.8,
        44.2, 44.1, 44.2, 44.4, 46.0, 44.4, 44.9, 45.0, 45.3, 46.0, 45.5, 45.5,
        46.0, 46.7, 46.2, 46.1, 45.8, 44.9, 44.8, 45.0, 45.7, 45.4, 46.3, 46.2,
        46.9, 46.0, 46.8, 45.9, 45.8, 46.2, 46.1, 45.0, 45.6, 45.8, 45.6, 45.4,
        45.1, 45.0, 45.4, 45.4, 46.0, 45.0, 45.9, 46.8, 45.5, 45.8, 46.2, 45.7,
        44.2, 45.2, 44.4, 44.5, 46.4, 46.6, 46.1, 45.5, 46.1, 46.7, 46.1, 46.8,
        44.5, 45.9, 45.7, 45.4, 46.0, 46.4, 45.6, 45.8, 45.3, 45.2, 45.6, 45.3,
        45.5, 45.7, 45.0, 45.9, 44.6, 44.7, 45.2, 44.3, 45.0, 44.1, 44.7, 44.4,
        44.8, 44.4, 46.5, 45.9, 44.8, 45.3, 45.5
      ],
      "loss": [
        10.163745880126953, 10.406991958618164, 10.904706954956055,
        11.36301326751709, 11.021940231323242, 11.167357444763184,
        10.909687042236328, 10.89479923248291, 10.780896186828613,
        10.893964767456055, 11.082747459411621, 11.172674179077148,
        11.009371757507324, 11.034775733947754, 11.09186840057373,
        11.158838272094727, 11.403191566467285, 10.777717590332031,
        10.799751281738281, 10.938069343566895, 10.89931583404541,
        10.957185745239258, 10.86710262298584, 11.058904647827148,
        11.084352493286133, 11.08597469329834, 11.035365104675293,
        11.049793243408203, 10.592098236083984, 10.636218070983887,
        10.660633087158203, 10.725089073181152, 10.763574600219727,
        10.83239459991455, 10.921842575073242, 11.029539108276367,
        11.05997085571289, 10.937973976135254, 11.015670776367188,
        10.530574798583984, 10.68059253692627, 10.653614044189453,
        10.685282707214355, 10.5628023147583, 10.699117660522461,
        10.761248588562012, 10.805516242980957, 10.839964866638184,
        10.864057540893555, 10.928939819335938, 10.884244918823242,
        10.8175630569458, 10.873086929321289, 10.945652961730957,
        11.009480476379395, 11.106592178344727, 10.49646282196045,
        9.920310020446777, 9.889261245727539, 9.930108070373535,
        9.937359809875488, 9.70399284362793, 9.756176948547363,
        9.749411582946777, 9.770001411437988, 9.790033340454102,
        9.595415115356445, 9.712691307067871, 9.56197738647461,
        9.68763256072998, 9.43558120727539, 9.390060424804688,
        9.540871620178223, 9.575743675231934, 9.577588081359863,
        9.640122413635254, 9.634384155273438, 9.607941627502441,
        9.307336807250977, 9.34139347076416, 9.421637535095215,
        9.54774284362793, 9.465761184692383, 9.506386756896973,
        9.539106369018555, 9.524885177612305, 9.570171356201172,
        9.507349014282227, 9.61259651184082, 9.651891708374023,
        9.693482398986816, 9.114789009094238, 9.169940948486328,
        9.21255874633789, 9.155739784240723, 8.96343994140625,
        9.102636337280273, 9.085451126098633, 9.124013900756836,
        9.074981689453125, 9.11348819732666, 9.134163856506348,
        9.18029499053955, 9.054954528808594, 9.068157196044922,
        9.07967758178711, 9.087730407714844, 9.077672958374023,
        9.088889122009277, 9.088277816772461, 9.154967308044434,
        8.912492752075195, 8.975893020629883, 9.028019905090332,
        9.099381446838379, 9.062289237976074, 9.074666976928711,
        9.117480278015137, 8.987451553344727, 9.006134986877441,
        9.037498474121094, 9.076308250427246, 9.06180477142334,
        9.100021362304688, 9.090365409851074, 9.03803539276123,
        9.086873054504395, 9.044148445129395, 9.13577938079834,
        9.215314865112305, 9.211600303649902, 9.248108863830566,
        9.182767868041992, 9.2027006149292, 8.784753799438477,
        8.797121047973633, 8.85354995727539, 8.88534927368164,
        8.849143981933594, 8.897771835327148, 8.903265953063965,
        8.87209701538086, 8.8010835647583, 8.718738555908203, 8.7546968460083,
        8.649518013000488, 8.65194320678711, 8.710443496704102,
        8.73168659210205, 8.716537475585938, 8.690032005310059,
        8.77360725402832, 8.796964645385742, 8.822757720947266,
        8.836913108825684, 8.830496788024902, 8.846939086914062,
        8.786344528198242, 8.741793632507324, 8.7766752243042,
        8.800837516784668, 8.541533470153809, 8.582959175109863,
        8.593010902404785, 8.612597465515137, 8.640318870544434,
        8.456281661987305, 8.466341972351074, 8.429408073425293,
        8.46096134185791, 8.261707305908203, 8.290250778198242,
        7.869450569152832, 7.843518257141113, 7.869668006896973,
        7.836861610412598, 7.846625328063965, 7.80926513671875,
        7.601153373718262, 7.61570405960083, 7.625948429107666,
        7.4391984939575195, 7.413915634155273, 7.451131820678711,
        7.467434406280518, 7.441613674163818, 7.498831272125244,
        7.526032447814941, 7.512259006500244, 7.557409286499023,
        7.587143898010254, 7.5325212478637695, 7.5096564292907715,
        7.567340850830078, 7.378140449523926, 7.427665710449219,
        7.414955139160156, 7.396876811981201, 7.382442474365234,
        7.425956726074219, 7.346219062805176, 7.064416885375977,
        7.072643280029297, 7.057677745819092, 7.050267696380615,
        7.0373921394348145, 7.005557537078857, 7.028764724731445,
        6.988011837005615, 7.007740020751953, 7.035526275634766,
        7.014310836791992, 7.070671081542969, 7.035595417022705,
        7.033061981201172, 6.978821754455566, 7.029016494750977,
        6.774073123931885, 6.8486785888671875, 6.86090087890625,
        6.866662502288818, 6.795226097106934, 6.850196838378906,
        6.861897945404053, 6.821806907653809, 6.836913108825684,
        6.702762126922607, 6.652474403381348, 6.658383369445801,
        6.682969570159912, 6.689266681671143, 6.681586265563965,
        6.69052267074585, 6.747053623199463, 6.485011100769043,
        6.5247955322265625, 6.4664626121521, 6.433459758758545,
        6.4314961433410645, 6.490068435668945, 6.447901248931885,
        6.513710975646973, 6.532574653625488, 6.308777332305908,
        6.354311466217041, 6.372176170349121, 6.338583469390869,
        6.350511074066162, 6.381250858306885, 6.38687801361084,
        6.422319412231445, 6.4265899658203125, 6.415871620178223,
        6.423574924468994, 6.350574493408203, 6.353644847869873,
        6.255758762359619, 6.2686896324157715, 6.277174949645996,
        6.303207874298096, 6.251043319702148, 6.273556709289551,
        6.293628215789795, 6.3490190505981445, 6.311156749725342,
        6.287732124328613, 6.256927490234375, 6.270499229431152,
        6.265985012054443, 6.290899753570557, 6.3091278076171875,
        6.293290615081787, 6.185243606567383, 6.1983866691589355,
        6.252980709075928, 6.240304470062256, 6.161163806915283,
        6.189105033874512, 6.167957782745361, 6.214996814727783,
        6.183971881866455, 6.015323162078857, 6.125253200531006,
        5.978577613830566, 6.016454696655273, 6.05240535736084,
        6.014395713806152, 5.998787879943848, 5.748471260070801,
        5.8136749267578125, 5.758853435516357, 5.76188325881958,
        5.8131103515625, 5.796248435974121, 5.855618953704834,
        5.801929473876953, 5.798420429229736, 5.791386127471924,
        5.531529903411865, 5.553788185119629, 5.595099449157715,
        5.598052501678467, 5.591435432434082, 5.599666118621826,
        5.381611347198486, 5.458104610443115, 5.478466033935547,
        5.457849979400635, 5.439131259918213, 5.227073669433594,
        5.216721057891846, 5.218532562255859, 5.216180801391602,
        5.174377918243408, 5.202814102172852, 5.179853439331055,
        5.186121463775635, 5.2117719650268555, 5.237051010131836,
        5.23414945602417, 5.2106194496154785, 5.246374607086182,
        4.990190029144287, 5.014971733093262, 4.978576183319092,
        5.021780490875244, 5.013063907623291, 5.06242561340332,
        5.088231563568115, 5.064554214477539, 5.04651403427124,
        4.930341720581055, 4.934693336486816, 4.929189682006836,
        4.981209754943848, 4.971831798553467, 5.019956111907959,
        5.035245895385742, 5.029191017150879, 5.017881870269775,
        4.943079948425293, 4.921886444091797, 4.897397994995117,
        4.8794026374816895, 4.928998947143555, 4.910942554473877,
        4.900898456573486, 4.90841817855835, 4.961555480957031,
        4.952354907989502, 4.964302062988281, 4.9817633628845215,
        4.881967544555664, 4.880826950073242, 4.891271591186523,
        4.93412971496582, 4.895501613616943, 4.859491348266602,
        4.866263389587402, 4.880276679992676, 4.951603412628174,
        4.871856689453125, 4.874264240264893, 4.930834770202637,
        4.873704433441162, 4.863496780395508, 4.908759117126465,
        4.903900146484375, 4.949685096740723, 4.950535297393799,
        4.930235862731934, 4.936787128448486, 4.913834571838379,
        4.922287464141846, 4.940857410430908, 4.9337639808654785,
        4.98064661026001, 4.943373203277588, 4.921388149261475,
        4.976184368133545, 4.9452385902404785, 4.987368583679199,
        4.960361480712891, 4.973532676696777, 4.9929609298706055,
        5.043850421905518, 4.9377827644348145, 4.954288482666016,
        5.007126331329346, 4.998749732971191, 4.979060649871826
      ]
    }
  },
  {
    "RBS_7500_HL5": {
      "acc": [
        12.1, 10.7, 8.9, 8.0, 10.8, 10.2, 11.4, 10.8, 11.9, 11.8, 11.6, 11.9,
        12.9, 12.1, 12.3, 12.2, 12.3, 13.2, 13.3, 13.4, 14.0, 14.4, 14.6, 14.2,
        14.5, 14.7, 14.5, 14.5, 15.2, 15.3, 15.6, 15.4, 15.3, 15.4, 15.7, 15.9,
        15.9, 16.3, 16.1, 16.6, 16.2, 16.9, 16.7, 17.3, 17.4, 17.2, 17.4, 17.2,
        17.1, 17.8, 18.1, 17.6, 18.3, 18.3, 18.1, 17.7, 18.6, 18.5, 18.2, 18.2,
        19.1, 19.2, 19.1, 19.8, 20.1, 20.5, 20.5, 19.8, 21.0, 20.4, 19.8, 20.1,
        20.3, 19.8, 20.5, 20.5, 20.4, 21.3, 21.2, 21.3, 22.2, 21.5, 21.3, 21.8,
        22.3, 22.5, 22.7, 23.0, 22.4, 22.7, 22.6, 23.7, 23.7, 23.3, 24.3, 24.8,
        23.9, 24.6, 24.5, 24.7, 24.8, 25.3, 24.9, 24.9, 25.1, 24.5, 24.9, 25.2,
        25.9, 25.7, 25.7, 26.6, 26.8, 27.4, 26.9, 27.3, 27.5, 27.3, 27.5, 27.4,
        27.4, 27.2, 27.4, 27.3, 27.7, 27.8, 27.4, 28.2, 27.9, 27.8, 28.3, 28.9,
        29.2, 29.2, 29.2, 29.3, 29.0, 29.4, 29.8, 29.9, 29.7, 29.7, 30.2, 30.8,
        30.7, 30.7, 30.6, 30.7, 29.8, 30.5, 30.9, 30.4, 30.5, 30.7, 30.4, 30.9,
        31.6, 31.6, 31.7, 31.4, 31.2, 31.5, 32.2, 31.4, 32.4, 32.7, 32.5, 32.6,
        32.7, 32.9, 33.4, 33.2, 33.3, 33.9, 34.6, 34.8, 34.2, 34.8, 34.5, 34.2,
        34.5, 35.0, 34.7, 35.9, 35.9, 35.7, 36.1, 36.1, 36.3, 36.2, 37.0, 37.2,
        36.9, 36.3, 36.8, 37.7, 37.2, 37.3, 38.2, 37.9, 38.1, 37.3, 37.7, 37.5,
        37.8, 38.3, 37.8, 37.7, 37.9, 37.8, 37.9, 38.2, 38.4, 39.4, 39.2, 39.0,
        39.6, 40.3, 39.8, 38.8, 39.1, 40.1, 40.2, 39.9, 40.2, 40.8, 41.1, 41.4,
        41.5, 41.6, 41.0, 41.5, 40.7, 40.2, 41.3, 41.1, 41.3, 41.2, 41.3, 41.6,
        41.4, 41.7, 41.8, 41.5, 40.4, 40.1, 39.8, 40.2, 40.5, 39.8, 39.6, 40.4,
        40.5, 40.5, 41.4, 41.4, 41.4, 41.3, 40.9, 40.7, 41.3, 41.3, 41.6, 41.3,
        42.0, 42.2, 41.9, 42.2, 42.6, 41.7, 41.9, 42.2, 44.3, 43.8, 42.3, 42.5,
        43.8, 43.6, 43.8, 44.2, 43.8, 43.7, 43.4, 44.2, 44.2, 42.6, 43.8, 43.9,
        44.5, 43.8, 43.8, 43.6, 43.3, 44.4, 43.8, 44.8, 44.8, 45.1, 46.1, 45.4,
        45.2, 44.9, 45.4, 45.5, 46.4, 45.1, 45.0, 45.8, 45.9, 45.8, 45.9, 45.4,
        45.6, 45.7, 46.5, 46.7, 46.0, 45.8, 45.4, 45.3, 45.9, 46.5, 47.6, 46.9,
        48.0, 47.2, 47.8, 47.4, 47.1, 48.1, 48.1, 48.0, 47.8, 47.6, 47.0, 45.6,
        45.9, 45.9, 45.9, 45.8, 46.3, 46.6, 46.8, 48.3, 48.5, 48.4, 47.6, 46.8,
        46.9, 47.0, 46.9, 47.0, 47.7, 47.5, 47.3, 47.8, 47.9, 48.3, 47.0, 47.7,
        44.6, 45.8, 45.2, 45.2, 46.2, 46.6, 45.7, 46.1, 46.4, 46.1, 46.6, 46.6,
        45.8, 46.7, 46.0, 46.1, 46.0, 46.1, 46.0, 46.2, 46.3, 45.8, 45.7, 45.2,
        46.1, 45.7, 46.6, 46.2, 46.2, 45.4, 45.6
      ],
      "loss": [
        9.758440017700195, 10.123953819274902, 10.581472396850586,
        10.960417747497559, 10.199734687805176, 10.408801078796387,
        10.330886840820312, 10.376306533813477, 10.18629264831543,
        10.387163162231445, 10.607376098632812, 10.608573913574219,
        10.661797523498535, 10.708349227905273, 10.872626304626465,
        10.970467567443848, 11.080511093139648, 10.237692832946777,
        10.234694480895996, 10.339524269104004, 10.37845516204834,
        10.368659019470215, 10.400032997131348, 10.588640213012695,
        10.582935333251953, 10.630895614624023, 10.581162452697754,
        10.567651748657227, 10.179651260375977, 10.304993629455566,
        10.35203742980957, 10.422468185424805, 10.49911880493164,
        10.573052406311035, 10.601451873779297, 10.759720802307129,
        10.841988563537598, 10.73019027709961, 10.733766555786133,
        10.30871868133545, 10.477398872375488, 10.356197357177734,
        10.372729301452637, 10.316731452941895, 10.378576278686523,
        10.450542449951172, 10.43949031829834, 10.479686737060547,
        10.468344688415527, 10.53265380859375, 10.531606674194336,
        10.526044845581055, 10.45468521118164, 10.4981107711792,
        10.607507705688477, 10.717674255371094, 10.181936264038086,
        10.120065689086914, 10.202320098876953, 10.230220794677734,
        10.192225456237793, 9.985589981079102, 10.092799186706543,
        10.010159492492676, 9.995255470275879, 9.927048683166504,
        9.684354782104492, 9.729767799377441, 9.666156768798828,
        9.733562469482422, 9.602253913879395, 9.557636260986328,
        9.675310134887695, 9.713412284851074, 9.689570426940918,
        9.80333137512207, 9.78419303894043, 9.732765197753906, 9.66678237915039,
        9.719273567199707, 9.722146987915039, 9.754456520080566,
        9.784111976623535, 9.788406372070312, 9.755589485168457,
        9.8876314163208, 9.95612907409668, 9.904031753540039, 9.949052810668945,
        9.96235466003418, 9.981924057006836, 9.601568222045898,
        9.653203010559082, 9.682343482971191, 9.541297912597656,
        9.496488571166992, 9.593100547790527, 9.49561595916748,
        9.581912994384766, 9.652434349060059, 9.708393096923828,
        9.771685600280762, 9.810318946838379, 9.421135902404785,
        9.420663833618164, 9.453580856323242, 9.285630226135254,
        9.32208251953125, 9.288369178771973, 9.305765151977539,
        9.452435493469238, 9.290714263916016, 9.325655937194824,
        9.332320213317871, 9.358782768249512, 9.26325511932373,
        9.286572456359863, 9.362259864807129, 8.810678482055664,
        8.822720527648926, 8.858717918395996, 8.820094108581543,
        8.891860008239746, 8.945130348205566, 9.019089698791504,
        8.954874038696289, 9.06098747253418, 9.01740550994873,
        8.993860244750977, 9.041365623474121, 9.072060585021973,
        9.01694107055664, 9.002693176269531, 9.009998321533203,
        8.665325164794922, 8.656903266906738, 8.723885536193848,
        8.813276290893555, 8.743736267089844, 8.764321327209473,
        8.814409255981445, 8.81238842010498, 8.570466041564941,
        8.543770790100098, 8.563680648803711, 8.547246932983398,
        8.554616928100586, 8.585899353027344, 8.675999641418457,
        8.670482635498047, 8.658401489257812, 8.70926284790039,
        8.731391906738281, 8.750956535339355, 8.76988697052002,
        8.753607749938965, 8.789205551147461, 8.754364967346191,
        8.701842308044434, 8.730080604553223, 8.752911567687988,
        8.56066608428955, 8.549182891845703, 8.605117797851562,
        8.578669548034668, 8.610030174255371, 8.474322319030762,
        8.47885799407959, 8.422975540161133, 8.441022872924805,
        8.133039474487305, 8.159396171569824, 8.088807106018066,
        8.066272735595703, 8.079296112060547, 8.066193580627441,
        8.10483169555664, 7.802899360656738, 7.66881799697876,
        7.691859722137451, 7.710781097412109, 7.6851067543029785,
        7.687231540679932, 7.60118293762207, 7.619679927825928,
        7.624352931976318, 7.599034309387207, 7.606293678283691,
        7.611247539520264, 7.6409592628479, 7.63040018081665, 7.601545810699463,
        7.627863883972168, 7.678858280181885, 7.639029026031494,
        7.607033729553223, 7.660559177398682, 7.6280517578125,
        7.6126508712768555, 7.616877555847168, 7.317075729370117,
        7.189432144165039, 7.189145088195801, 7.175697326660156,
        7.182178020477295, 7.184438228607178, 7.221375465393066,
        7.245481967926025, 7.244017124176025, 7.251908779144287,
        7.255950450897217, 7.232550144195557, 7.252377986907959,
        7.1827616691589355, 7.200920104980469, 7.221833229064941,
        7.20914888381958, 7.048829078674316, 7.075517177581787,
        7.136347770690918, 7.121581554412842, 7.09670352935791,
        7.085216522216797, 7.127507209777832, 7.124022006988525,
        7.045447826385498, 6.705626010894775, 6.703357696533203,
        6.6960930824279785, 6.715728759765625, 6.735415458679199,
        6.729334831237793, 6.768301963806152, 6.811436653137207,
        6.634763240814209, 6.679850101470947, 6.615250110626221,
        6.597673416137695, 6.585674285888672, 6.5868611335754395,
        6.608820915222168, 6.587446212768555, 6.588016510009766,
        6.478928089141846, 6.540786266326904, 6.561418056488037,
        6.52414608001709, 6.558877944946289, 6.548203468322754,
        6.605751991271973, 6.65709924697876, 6.630321502685547,
        6.644814491271973, 6.616824626922607, 6.615633487701416,
        6.602671146392822, 6.437352657318115, 6.475735187530518,
        6.508536338806152, 6.478621482849121, 6.444058418273926,
        6.477849006652832, 6.489080905914307, 6.498603343963623,
        6.487123966217041, 6.495845317840576, 6.504974365234375,
        6.509250164031982, 6.4769697189331055, 6.564387798309326,
        6.560692310333252, 6.5382585525512695, 6.299718379974365,
        6.288064002990723, 6.436967849731445, 6.3744916915893555,
        6.317587375640869, 6.317664623260498, 6.3166303634643555,
        6.305371284484863, 6.357247829437256, 6.0956878662109375,
        6.140249729156494, 5.982066631317139, 5.98655366897583,
        6.058557510375977, 6.030728816986084, 6.0196123123168945,
        5.750731945037842, 5.826465129852295, 5.772790908813477,
        5.764226913452148, 5.769992828369141, 5.7447428703308105,
        5.785275936126709, 5.763938903808594, 5.736121654510498,
        5.7412543296813965, 5.564907550811768, 5.5782294273376465,
        5.606327533721924, 5.602484703063965, 5.614224910736084,
        5.603191375732422, 5.388364315032959, 5.470621585845947,
        5.520939350128174, 5.468038082122803, 5.476500511169434,
        5.370112895965576, 5.349932670593262, 5.359991073608398,
        5.339212417602539, 5.329796314239502, 5.3360490798950195,
        5.317043304443359, 5.333496570587158, 5.346573352813721,
        5.351202487945557, 5.354028224945068, 5.333953857421875,
        5.333847999572754, 5.171992301940918, 5.185727119445801,
        5.1409912109375, 5.178637504577637, 5.161629676818848,
        5.1679768562316895, 5.19776725769043, 5.126535415649414,
        5.111685276031494, 4.879168510437012, 4.913032054901123,
        4.908473491668701, 5.000828266143799, 5.02233362197876,
        5.0789713859558105, 5.0731329917907715, 5.058698654174805,
        5.053564071655273, 4.950047492980957, 4.916996955871582,
        4.9023332595825195, 4.863089084625244, 4.860861301422119,
        4.873414516448975, 4.8708977699279785, 4.9172444343566895,
        4.904176235198975, 4.910738945007324, 4.914582252502441,
        4.924786567687988, 4.885834217071533, 4.894972324371338,
        4.893261432647705, 4.8917083740234375, 4.892592906951904,
        4.862906455993652, 4.89152193069458, 4.878690242767334,
        5.0294694900512695, 4.994213581085205, 4.989314556121826,
        5.016801834106445, 4.952947616577148, 4.939691066741943,
        4.990479469299316, 4.972170352935791, 4.964451313018799,
        4.980037689208984, 4.97257137298584, 4.9278459548950195,
        4.9552741050720215, 4.923816204071045, 4.94600772857666,
        4.952022552490234, 4.912215709686279, 4.932358264923096,
        4.977418899536133, 4.979456424713135, 4.973315238952637,
        4.988911151885986, 4.985920429229736, 5.006135940551758,
        5.003610610961914, 5.016676902770996, 4.943304538726807,
        4.980269432067871, 4.9960618019104, 5.044688701629639,
        5.0240888595581055
      ]
    }
  },
  {
    "RBS_7500_HL6": {
      "acc": [
        12.4, 11.6, 9.6, 8.7, 10.2, 10.3, 11.6, 11.5, 12.0, 12.0, 11.4, 12.0,
        12.1, 12.3, 12.1, 12.6, 12.0, 12.9, 14.1, 14.3, 14.7, 14.7, 15.4, 14.7,
        14.5, 15.5, 15.3, 15.7, 15.7, 15.2, 15.9, 16.5, 16.3, 16.1, 16.2, 16.2,
        16.5, 17.1, 16.9, 16.9, 16.2, 16.5, 16.8, 17.3, 17.0, 17.4, 17.5, 17.1,
        17.7, 17.6, 18.2, 18.1, 18.5, 18.6, 18.8, 18.6, 19.2, 19.1, 18.9, 19.1,
        19.6, 19.4, 19.5, 20.3, 20.8, 20.6, 20.3, 19.9, 21.3, 21.0, 21.1, 21.4,
        21.3, 21.4, 22.0, 22.1, 21.9, 22.8, 22.9, 22.3, 22.9, 22.9, 22.8, 23.3,
        23.5, 24.2, 24.3, 24.6, 23.7, 23.9, 23.9, 24.2, 24.4, 24.0, 24.9, 25.3,
        23.4, 24.7, 24.6, 25.5, 25.0, 25.5, 25.6, 25.8, 25.0, 25.3, 26.4, 25.5,
        26.4, 26.4, 26.9, 27.2, 27.2, 27.6, 26.2, 27.3, 27.7, 27.7, 27.0, 26.6,
        26.9, 27.1, 27.7, 27.7, 28.1, 29.3, 29.2, 29.1, 28.8, 28.6, 28.6, 29.9,
        30.4, 30.6, 30.7, 30.8, 29.6, 30.4, 30.9, 30.9, 30.9, 30.7, 30.5, 31.1,
        30.8, 30.7, 30.5, 30.7, 31.0, 31.5, 31.3, 30.9, 31.3, 30.9, 31.2, 31.3,
        32.1, 31.8, 32.0, 32.0, 31.9, 32.1, 32.5, 32.5, 33.2, 33.1, 33.4, 33.1,
        33.5, 33.4, 33.6, 33.8, 33.8, 34.1, 34.5, 35.1, 34.7, 35.0, 35.0, 34.9,
        34.9, 35.5, 36.0, 36.5, 36.5, 36.9, 36.4, 36.8, 36.5, 36.5, 36.5, 37.4,
        37.4, 37.4, 38.0, 37.7, 38.2, 38.5, 38.6, 38.4, 38.2, 37.8, 38.4, 38.2,
        37.8, 38.1, 37.5, 37.4, 38.2, 38.3, 37.6, 38.6, 38.2, 38.3, 38.0, 38.3,
        39.1, 38.3, 38.5, 37.9, 38.3, 39.0, 38.9, 38.3, 39.1, 40.6, 39.9, 39.3,
        40.2, 39.6, 39.5, 39.4, 39.8, 39.7, 39.5, 39.8, 39.9, 39.9, 39.5, 40.0,
        40.5, 40.3, 41.2, 41.5, 40.2, 40.6, 40.4, 39.9, 40.4, 39.7, 39.8, 40.9,
        40.6, 40.6, 42.0, 41.2, 41.8, 41.8, 42.3, 42.7, 42.8, 42.6, 42.9, 42.2,
        42.8, 42.7, 42.8, 42.4, 42.3, 42.3, 42.6, 43.2, 43.4, 43.2, 42.1, 42.2,
        43.7, 43.9, 43.6, 43.6, 43.4, 44.1, 43.9, 45.2, 44.6, 42.3, 43.1, 43.4,
        44.4, 44.2, 45.1, 44.4, 44.8, 45.0, 44.3, 44.9, 45.1, 45.4, 46.7, 46.6,
        46.0, 45.7, 45.9, 45.8, 45.6, 44.6, 44.0, 44.8, 45.2, 45.4, 44.6, 44.6,
        44.8, 45.3, 45.7, 45.9, 45.5, 45.3, 45.4, 45.8, 46.7, 46.2, 46.2, 46.2,
        46.6, 46.6, 45.9, 46.4, 46.0, 46.2, 46.5, 46.2, 46.9, 46.4, 46.3, 46.0,
        46.0, 46.6, 46.6, 46.9, 47.2, 46.9, 46.0, 47.0, 47.5, 47.2, 47.4, 46.9,
        47.0, 46.9, 47.3, 47.4, 48.1, 47.8, 48.1, 48.2, 48.0, 47.9, 47.8, 47.7,
        44.9, 47.0, 46.8, 46.1, 45.8, 46.2, 46.0, 45.7, 46.5, 46.2, 45.7, 45.0,
        44.9, 44.9, 45.3, 45.1, 45.9, 46.2, 46.1, 45.2, 45.5, 45.2, 45.6, 45.5,
        45.2, 45.4, 45.7, 45.6, 45.2, 45.4, 44.5
      ],
      "loss": [
        10.631749153137207, 10.820000648498535, 11.236824035644531,
        11.562296867370605, 11.070259094238281, 11.216039657592773,
        10.959197998046875, 11.173863410949707, 11.208989143371582,
        11.236909866333008, 11.429936408996582, 11.317018508911133,
        11.258696556091309, 11.344449996948242, 11.4617280960083,
        11.48829174041748, 11.710322380065918, 11.069649696350098,
        11.112164497375488, 11.18657112121582, 11.186830520629883,
        11.289287567138672, 11.186836242675781, 11.49370288848877,
        11.482634544372559, 11.421334266662598, 11.451348304748535,
        11.4767484664917, 11.178824424743652, 11.270393371582031,
        11.230852127075195, 11.356163024902344, 11.380311965942383,
        11.463035583496094, 11.52251148223877, 11.634352684020996,
        11.625557899475098, 11.48726749420166, 11.583178520202637,
        11.0223388671875, 11.22048282623291, 11.153177261352539,
        11.141206741333008, 11.005672454833984, 11.137788772583008,
        11.131892204284668, 11.193278312683105, 11.214903831481934,
        11.166855812072754, 11.312507629394531, 11.228080749511719,
        11.2632417678833, 11.193084716796875, 11.242666244506836,
        11.25046157836914, 11.35588550567627, 10.82214641571045,
        10.456205368041992, 10.520974159240723, 10.547477722167969,
        10.532259941101074, 10.291218757629395, 10.371529579162598,
        10.309914588928223, 10.333194732666016, 10.114737510681152,
        9.68447494506836, 9.801437377929688, 9.621764183044434,
        9.782236099243164, 9.407052040100098, 9.4135160446167,
        9.556467056274414, 9.592397689819336, 9.629526138305664,
        9.741637229919434, 9.708969116210938, 9.65527057647705,
        9.275696754455566, 9.45191478729248, 9.449666023254395,
        9.590615272521973, 9.590434074401855, 9.63250732421875,
        9.637683868408203, 9.553866386413574, 9.585200309753418,
        9.601187705993652, 9.736550331115723, 9.825301170349121,
        9.86432933807373, 9.491495132446289, 9.574012756347656,
        9.666337966918945, 9.5841646194458, 9.454564094543457,
        9.644744873046875, 9.563163757324219, 9.596623420715332,
        9.620320320129395, 9.656599044799805, 9.721096992492676,
        9.778278350830078, 9.395282745361328, 9.424290657043457,
        9.445433616638184, 9.334017753601074, 9.366230964660645,
        9.346518516540527, 9.366255760192871, 9.465452194213867,
        9.368611335754395, 9.422016143798828, 9.427719116210938,
        9.559982299804688, 9.46126651763916, 9.461869239807129,
        9.51187515258789, 9.299378395080566, 9.248533248901367,
        9.271421432495117, 9.316985130310059, 9.329704284667969,
        9.399540901184082, 9.39513874053955, 9.354092597961426, 9.4135103225708,
        9.385899543762207, 9.459916114807129, 9.504341125488281,
        9.489710807800293, 9.41484260559082, 9.363946914672852,
        9.37675952911377, 9.248754501342773, 9.235547065734863,
        9.309938430786133, 9.359807968139648, 9.307092666625977,
        9.330940246582031, 9.368602752685547, 9.364102363586426,
        8.97434139251709, 8.956674575805664, 8.90707778930664,
        8.851067543029785, 8.837493896484375, 8.854350090026855,
        8.919174194335938, 8.84040355682373, 8.856539726257324,
        8.901484489440918, 8.899725914001465, 8.948074340820312,
        8.977413177490234, 8.992692947387695, 8.99305534362793,
        8.950996398925781, 8.890228271484375, 8.922690391540527,
        8.93808364868164, 8.704192161560059, 8.720786094665527,
        8.743499755859375, 8.682536125183105, 8.712129592895508,
        8.408316612243652, 8.451334953308105, 8.404916763305664,
        8.401677131652832, 8.238880157470703, 8.263986587524414,
        8.18999195098877, 8.147968292236328, 8.168235778808594,
        8.173842430114746, 8.180158615112305, 8.0935640335083,
        7.881294250488281, 7.885608196258545, 7.89839506149292,
        7.72084379196167, 7.675938606262207, 7.681143760681152,
        7.673648357391357, 7.682872295379639, 7.720461845397949,
        7.760716438293457, 7.762488842010498, 7.799561023712158,
        7.811549186706543, 7.81002140045166, 7.786670684814453,
        7.817646503448486, 7.748980522155762, 7.785289764404297,
        7.746368885040283, 7.767480850219727, 7.740774631500244,
        7.780083656311035, 7.541466236114502, 7.481581211090088,
        7.49537467956543, 7.4843621253967285, 7.485921859741211,
        7.477086067199707, 7.471435070037842, 7.4868388175964355,
        7.479546546936035, 7.488210201263428, 7.528034210205078,
        7.5005974769592285, 7.492423057556152, 7.451290130615234,
        7.487346172332764, 7.461597442626953, 7.451362133026123,
        7.205934524536133, 7.192015171051025, 7.264706611633301,
        7.217373847961426, 7.191561222076416, 7.223227024078369,
        7.241127014160156, 7.211865425109863, 7.196307182312012,
        7.032604217529297, 7.056445598602295, 7.037177562713623,
        7.0661187171936035, 7.081287860870361, 7.062280178070068,
        7.080807209014893, 7.1063947677612305, 6.912773132324219,
        6.92965841293335, 6.750452041625977, 6.769975662231445,
        6.779041290283203, 6.782555103302002, 6.7638325691223145,
        6.795440196990967, 6.728149890899658, 6.547685623168945,
        6.565118789672852, 6.570934772491455, 6.57718563079834,
        6.5973639488220215, 6.6122822761535645, 6.656846523284912,
        6.681240081787109, 6.637141704559326, 6.649486064910889,
        6.645933151245117, 6.610921382904053, 6.648804664611816,
        6.537962913513184, 6.530674457550049, 6.519526958465576,
        6.514145374298096, 6.505721092224121, 6.51409912109375,
        6.497414588928223, 6.515329360961914, 6.517021656036377,
        6.515487194061279, 6.523576736450195, 6.541380882263184,
        6.548378944396973, 6.563289642333984, 6.575376987457275,
        6.58974552154541, 6.437221050262451, 6.452798366546631,
        6.527651786804199, 6.497366905212402, 6.4123358726501465,
        6.414767265319824, 6.403916835784912, 6.447926044464111,
        6.447128772735596, 6.088699817657471, 6.1226067543029785,
        5.856935501098633, 5.893606662750244, 6.000507831573486,
        5.918115615844727, 5.926526069641113, 5.74488639831543,
        5.7787017822265625, 5.722639083862305, 5.717896461486816,
        5.716583728790283, 5.716452121734619, 5.762391567230225,
        5.716667652130127, 5.711114883422852, 5.707639217376709,
        5.3767805099487305, 5.380147457122803, 5.400128364562988,
        5.406164646148682, 5.393214225769043, 5.369014739990234,
        5.269779682159424, 5.301844120025635, 5.356476783752441,
        5.3265910148620605, 5.3103156089782715, 5.206917762756348,
        5.2254509925842285, 5.2243523597717285, 5.23821496963501,
        5.206289291381836, 5.189047336578369, 5.170716285705566, 5.171630859375,
        5.1849565505981445, 5.189221382141113, 5.14534854888916,
        5.128018856048584, 5.1546149253845215, 5.030431747436523,
        5.030436038970947, 5.0107011795043945, 5.019937992095947,
        5.065309047698975, 5.065723896026611, 5.092251300811768,
        5.048374652862549, 5.03869104385376, 4.971346855163574,
        4.953583717346191, 4.97990608215332, 5.012935638427734,
        5.012270927429199, 5.036683559417725, 5.016289234161377,
        5.016920566558838, 5.013322353363037, 4.836294651031494,
        4.852411270141602, 4.886785507202148, 4.874636173248291,
        4.850305557250977, 4.855226039886475, 4.856057643890381,
        4.863369464874268, 4.852929592132568, 4.881255626678467,
        4.880117893218994, 4.885432243347168, 4.81400728225708,
        4.82113790512085, 4.804554462432861, 4.816304683685303,
        4.816765785217285, 4.827594757080078, 4.849256992340088,
        4.883063316345215, 5.0028839111328125, 4.916015148162842,
        4.919888019561768, 4.902919292449951, 4.929290294647217,
        4.914113521575928, 4.931753158569336, 4.931042671203613,
        4.914215564727783, 4.918062210083008, 4.962287425994873,
        4.953629493713379, 4.934891700744629, 4.9254679679870605,
        4.955655097961426, 4.950973033905029, 4.925849914550781,
        4.940914154052734, 4.950990676879883, 4.980949401855469,
        4.96743631362915, 5.0038933753967285, 5.008708953857422,
        5.0222320556640625, 5.080916404724121, 5.079023838043213,
        5.030184745788574, 5.041991233825684, 5.069999694824219,
        5.065494060516357, 5.0367960929870605
      ]
    }
  }
]