[
    {
        "RBS_3100_old": {
          "acc": [
            11.7, 11.2, 10.6, 9.5, 11.2, 11.2, 12.0, 12.4, 12.1, 12.3, 11.9, 12.1,
            11.6, 11.9, 12.4, 12.3, 12.4, 13.4, 13.3, 13.2, 13.2, 13.4, 13.9, 14.1,
            14.5, 14.2, 14.4, 14.5, 15.2, 14.5, 15.4, 14.9, 14.6, 14.8, 15.9, 16.0,
            15.8, 16.3, 16.4, 15.7, 16.0, 16.1, 15.9, 15.9, 16.5, 16.7, 16.4, 16.3,
            16.6, 16.4, 17.7, 17.0, 17.8, 17.9, 17.7, 17.2, 18.4, 17.5, 16.9, 17.4,
            18.1, 18.9, 18.9, 19.6, 19.7, 20.0, 19.7, 19.7, 20.6, 19.8, 19.5, 19.7,
            20.1, 19.3, 19.9, 20.2, 20.5, 21.7, 20.9, 21.4, 21.4, 20.9, 21.4, 21.4,
            22.6, 22.1, 21.8, 22.3, 22.0, 22.4, 22.0, 22.9, 22.9, 22.0, 22.9, 23.7,
            22.8, 23.6, 23.2, 24.0, 24.5, 24.4, 24.4, 24.9, 24.9, 25.1, 25.5, 25.0,
            25.7, 25.8, 25.9, 26.1, 26.2, 26.1, 26.3, 26.9, 27.0, 26.6, 26.5, 26.5,
            26.5, 26.4, 26.4, 26.1, 26.4, 27.1, 27.0, 26.9, 27.0, 27.3, 27.2, 27.8,
            28.0, 28.3, 28.4, 28.1, 27.4, 27.8, 28.2, 28.5, 28.1, 28.9, 28.9, 29.6,
            29.3, 30.0, 30.1, 30.9, 29.3, 30.3, 30.6, 30.9, 31.2, 31.5, 31.0, 30.8,
            31.6, 31.6, 31.3, 31.3, 31.3, 30.9, 31.3, 31.2, 32.2, 32.5, 31.4, 31.9,
            32.0, 32.0, 31.9, 31.6, 33.2, 32.3, 31.9, 32.8, 32.8, 33.0, 32.8, 32.9,
            33.4, 32.7, 32.6, 33.6, 33.6, 33.7, 34.3, 34.2, 34.0, 33.3, 34.1, 34.8,
            35.1, 34.4, 36.3, 36.4, 36.4, 36.3, 36.6, 36.7, 36.1, 36.2, 36.0, 35.7,
            35.7, 36.1, 35.3, 35.4, 36.8, 36.8, 35.8, 36.8, 36.4, 36.9, 36.9, 37.2,
            37.4, 37.3, 37.8, 38.1, 38.3, 38.2, 38.4, 38.5, 38.3, 39.3, 38.4, 37.7,
            38.5, 37.3, 37.3, 37.6, 36.9, 37.2, 37.0, 37.6, 37.1, 37.1, 36.5, 37.3,
            36.9, 35.9, 36.3, 38.4, 38.8, 38.3, 38.4, 37.8, 37.4, 36.6, 37.8, 37.8,
            38.4, 38.1, 38.2, 37.8, 38.1, 38.7, 38.9, 38.2, 38.6, 38.6, 39.2, 38.2,
            39.2, 39.6, 39.8, 39.8, 39.9, 39.3, 39.9, 39.9, 39.7, 39.6, 39.5, 39.5,
            39.9, 39.8, 39.4, 39.4, 39.0, 38.5, 36.9, 38.5, 38.9, 38.1, 38.5, 39.0,
            38.9, 38.7, 39.7, 39.7, 38.2, 39.0, 38.8, 39.3, 39.6, 39.1, 42.6, 42.4,
            42.0, 42.0, 42.3, 41.3, 40.5, 39.7, 40.6, 40.9, 41.1, 42.5, 41.7, 41.4,
            41.3, 41.7, 41.3, 41.9, 43.1, 43.0, 42.3, 41.8, 41.7, 41.5, 40.6, 40.8,
            41.8, 41.3, 41.7, 40.8, 40.4, 41.6, 41.7, 40.4, 41.0, 39.9, 40.0, 40.8,
            40.1, 40.0, 41.0, 40.6, 41.9, 42.1, 42.9, 43.2, 42.8, 41.9, 41.8, 42.0,
            41.8, 42.2, 41.2, 42.1, 42.2, 42.7, 41.9, 41.8, 41.4, 41.6, 42.0, 42.4,
            40.6, 41.2, 41.2, 40.2, 41.0, 41.2, 39.9, 40.6, 41.2, 40.6, 40.9, 41.3,
            40.2, 40.6, 40.2, 40.2, 39.7, 39.8, 39.7, 39.8, 40.5, 39.2, 39.5, 39.6,
            39.5, 39.5, 40.1, 39.7, 39.3, 40.0, 39.4
          ],
          "loss": [
            10.542059898376465, 10.544164657592773, 10.674221992492676,
            10.920506477355957, 10.600441932678223, 10.604963302612305,
            10.625349998474121, 10.514649391174316, 10.362870216369629,
            10.506168365478516, 10.64547348022461, 10.57375717163086,
            10.922137260437012, 10.698047637939453, 10.833641052246094,
            10.904353141784668, 10.929590225219727, 10.413661003112793,
            10.451818466186523, 10.541300773620605, 10.628776550292969,
            10.639097213745117, 10.583091735839844, 10.700129508972168,
            10.656140327453613, 10.857076644897461, 10.746042251586914,
            10.785760879516602, 10.316668510437012, 10.382722854614258,
            10.363897323608398, 10.484206199645996, 10.562239646911621,
            10.598621368408203, 10.483865737915039, 10.76723861694336,
            10.825063705444336, 10.747237205505371, 10.758456230163574,
            10.64632797241211, 10.666986465454102, 10.64388656616211,
            10.62531566619873, 10.647621154785156, 10.582736015319824,
            10.724352836608887, 10.8828763961792, 10.765048027038574,
            10.851069450378418, 11.038415908813477, 10.887167930603027,
            10.856081008911133, 10.765019416809082, 10.790140151977539,
            10.912662506103516, 11.046297073364258, 10.244641304016113,
            9.866345405578613, 9.983654022216797, 10.020344734191895,
            9.978657722473145, 9.48381519317627, 9.598332405090332,
            9.548081398010254, 9.567431449890137, 9.306137084960938,
            8.999489784240723, 9.096805572509766, 9.056645393371582,
            9.068644523620605, 8.975564956665039, 9.000631332397461,
            9.073097229003906, 9.099093437194824, 9.209582328796387,
            9.278331756591797, 9.234421730041504, 9.104137420654297,
            9.071249008178711, 9.115967750549316, 9.111228942871094,
            9.14441204071045, 9.1122465133667, 9.182097434997559, 9.149121284484863,
            9.247579574584961, 9.271683692932129, 9.250091552734375,
            9.297066688537598, 9.351502418518066, 9.451064109802246,
            9.334184646606445, 9.36980152130127, 9.408400535583496,
            9.310113906860352, 9.209211349487305, 9.327007293701172,
            9.278830528259277, 9.307971954345703, 9.298724174499512,
            9.279515266418457, 9.271106719970703, 9.29258918762207,
            9.184679985046387, 9.21936321258545, 9.213606834411621,
            9.185332298278809, 9.21533489227295, 9.29831314086914,
            9.288352012634277, 9.365118026733398, 9.316275596618652,
            9.354336738586426, 9.430201530456543, 9.421551704406738,
            9.419026374816895, 9.417819023132324, 9.412057876586914,
            9.349431991577148, 9.30702018737793, 9.318474769592285,
            9.37437629699707, 9.342264175415039, 9.385897636413574,
            9.385905265808105, 9.350271224975586, 9.376689910888672,
            9.381526947021484, 9.442818641662598, 9.459717750549316,
            9.441950798034668, 9.444620132446289, 9.438821792602539,
            9.482439041137695, 9.435890197753906, 9.421640396118164,
            9.448721885681152, 9.487907409667969, 9.461084365844727,
            9.500917434692383, 9.626588821411133, 9.54526424407959,
            9.357844352722168, 9.314595222473145, 9.352890014648438,
            9.367981910705566, 9.353586196899414, 9.317437171936035,
            9.385897636413574, 9.362126350402832, 9.36672306060791,
            9.337828636169434, 9.345113754272461, 9.36294937133789,
            9.393391609191895, 9.400832176208496, 9.430727005004883,
            9.34138298034668, 9.378339767456055, 9.387187004089355,
            9.409947395324707, 9.244967460632324, 9.251465797424316,
            9.25511646270752, 9.24397087097168, 9.250967025756836,
            9.123433113098145, 9.095719337463379, 9.122881889343262,
            9.112425804138184, 8.890547752380371, 8.916468620300293,
            8.523441314697266, 8.609891891479492, 8.681208610534668,
            8.704296112060547, 8.69425106048584, 8.407356262207031,
            8.223807334899902, 8.256345748901367, 8.26351547241211,
            7.900900363922119, 7.903754234313965, 7.8074822425842285,
            7.850584506988525, 7.883541107177734, 7.8373260498046875,
            7.8797287940979, 7.898963928222656, 7.975914478302002,
            7.9321208000183105, 7.978096961975098, 7.965078353881836,
            7.988043308258057, 7.835265159606934, 7.845315933227539,
            7.80824613571167, 7.905034065246582, 7.881382942199707,
            7.900132656097412, 7.8019561767578125, 7.740494728088379,
            7.737837314605713, 7.748039245605469, 7.751814842224121,
            7.7286057472229, 7.740047454833984, 7.737249374389648,
            7.663907051086426, 7.658716201782227, 7.713965892791748,
            7.733628273010254, 7.722052574157715, 7.696092128753662,
            7.692293167114258, 7.690434455871582, 7.691857814788818,
            7.485912322998047, 7.474948883056641, 7.506826877593994,
            7.480508804321289, 7.454304218292236, 7.482710361480713,
            7.495461463928223, 7.485492706298828, 7.442550182342529,
            7.352871417999268, 7.41039514541626, 7.351039886474609,
            7.401957988739014, 7.412409782409668, 7.40809965133667,
            7.469472408294678, 7.475892066955566, 7.312478065490723,
            7.299694061279297, 7.08591890335083, 7.088304042816162,
            7.072801113128662, 7.029750347137451, 7.057173252105713,
            7.173318386077881, 7.102012634277344, 6.974164962768555,
            6.955201148986816, 7.007913112640381, 7.002971172332764,
            7.031142711639404, 7.079859256744385, 7.098089218139648,
            7.09390115737915, 7.081287384033203, 7.044920444488525,
            7.0455474853515625, 7.0520148277282715, 7.076383113861084,
            6.959029197692871, 6.9226226806640625, 6.9329729080200195,
            6.956272125244141, 6.909285068511963, 6.907754421234131,
            6.924403667449951, 6.963193416595459, 6.918786525726318,
            6.926706790924072, 6.916470050811768, 6.905026435852051,
            6.917193412780762, 6.973773956298828, 6.938345432281494,
            6.9450531005859375, 6.712118148803711, 6.708537578582764,
            6.8215718269348145, 6.779846668243408, 6.74683141708374,
            6.741148948669434, 6.756766319274902, 6.775662899017334,
            6.767251968383789, 6.594684600830078, 6.665369033813477,
            6.441068649291992, 6.437901496887207, 6.4943695068359375,
            6.468980312347412, 6.466700077056885, 6.401822566986084,
            6.436628818511963, 6.378841400146484, 6.375005722045898,
            6.420309543609619, 6.404588222503662, 6.4127516746521,
            6.3902177810668945, 6.367874622344971, 6.398850917816162,
            6.049440383911133, 6.074702262878418, 6.103137969970703,
            6.105250835418701, 6.078240394592285, 6.104803085327148,
            5.822798728942871, 5.8811774253845215, 5.843335151672363,
            5.841071128845215, 5.826324939727783, 5.588410377502441,
            5.595701217651367, 5.625744819641113, 5.623713970184326,
            5.61534309387207, 5.613105297088623, 5.620589733123779,
            5.574699401855469, 5.573739051818848, 5.585500240325928,
            5.641414642333984, 5.635238170623779, 5.6268630027771,
            5.544467449188232, 5.539100646972656, 5.5130839347839355,
            5.5405731201171875, 5.537795066833496, 5.543435096740723,
            5.560983180999756, 5.537107944488525, 5.517121315002441,
            5.482093811035156, 5.5088090896606445, 5.527936935424805,
            5.580276012420654, 5.522523403167725, 5.582263946533203,
            5.570793151855469, 5.543229103088379, 5.549219131469727,
            5.310439586639404, 5.299589157104492, 5.239833831787109,
            5.254011631011963, 5.2762603759765625, 5.270016670227051,
            5.283536911010742, 5.268165111541748, 5.286635875701904,
            5.287997245788574, 5.3250861167907715, 5.304718971252441,
            5.299821376800537, 5.28046178817749, 5.294848918914795,
            5.335682392120361, 5.354820251464844, 5.328642845153809,
            5.327651500701904, 5.33080530166626, 5.394914150238037,
            5.428264141082764, 5.381174087524414, 5.462219715118408,
            5.4211249351501465, 5.396674633026123, 5.472571849822998,
            5.427554607391357, 5.4092864990234375, 5.421260356903076,
            5.437819480895996, 5.396875381469727, 5.416890621185303,
            5.405742645263672, 5.414270877838135, 5.425591468811035,
            5.407707214355469, 5.393621921539307, 5.445977687835693,
            5.430454254150391, 5.4315266609191895, 5.492672920227051,
            5.4720659255981445, 5.499355316162109, 5.521402359008789,
            5.515550136566162, 5.444690227508545, 5.472880840301514,
            5.503785610198975, 5.485063552856445, 5.485162734985352
          ]
        }
      },
      {
        "RBS_3100_new": {
          "acc": [
            11.6, 10.6, 9.6, 9.2, 10.5, 10.8, 11.3, 11.0, 11.6, 12.1, 11.4, 11.8,
            11.0, 11.9, 12.0, 12.0, 12.0, 12.8, 13.2, 13.0, 13.3, 13.5, 14.1, 13.9,
            14.1, 14.5, 14.0, 14.3, 15.0, 14.9, 15.7, 15.2, 14.4, 15.7, 15.8, 15.1,
            14.8, 15.9, 15.4, 15.4, 15.3, 16.0, 15.7, 15.8, 16.3, 16.2, 16.2, 16.7,
            16.9, 16.7, 17.2, 17.3, 17.8, 17.9, 17.7, 17.1, 18.1, 17.5, 17.4, 17.3,
            17.8, 18.5, 18.5, 19.3, 19.4, 20.0, 19.3, 19.6, 19.3, 19.5, 18.9, 18.9,
            19.4, 19.5, 19.3, 19.8, 20.1, 21.3, 21.0, 20.9, 22.2, 22.1, 22.1, 22.1,
            22.7, 22.6, 22.4, 22.6, 22.5, 22.1, 22.3, 23.5, 22.9, 23.0, 23.6, 24.5,
            23.7, 24.1, 24.2, 24.8, 24.9, 25.4, 25.3, 25.5, 25.3, 25.3, 25.4, 24.9,
            25.7, 26.1, 25.8, 26.0, 26.6, 26.9, 26.3, 26.7, 27.0, 27.0, 26.9, 26.5,
            26.6, 26.8, 27.4, 27.6, 28.3, 28.4, 29.0, 28.5, 28.0, 27.8, 27.9, 28.7,
            29.1, 29.0, 29.4, 29.2, 29.1, 29.5, 29.4, 29.2, 29.1, 29.1, 28.9, 30.3,
            29.7, 30.1, 29.9, 29.7, 29.3, 29.5, 29.9, 29.7, 29.9, 30.0, 30.0, 29.6,
            30.2, 29.9, 30.1, 30.4, 30.5, 30.4, 31.0, 30.5, 30.9, 31.0, 30.5, 31.2,
            31.3, 31.0, 31.3, 31.1, 30.3, 30.6, 30.4, 31.5, 31.7, 31.9, 31.6, 32.6,
            32.6, 31.7, 32.1, 33.3, 32.9, 32.9, 33.4, 33.3, 33.6, 33.1, 34.0, 33.5,
            33.6, 33.2, 33.4, 33.8, 33.9, 34.2, 34.1, 34.2, 34.1, 33.8, 34.0, 33.6,
            33.5, 34.1, 33.9, 34.0, 34.3, 34.4, 33.7, 34.9, 34.9, 34.8, 35.2, 35.4,
            35.3, 35.0, 34.5, 34.9, 34.9, 36.3, 36.1, 36.0, 36.4, 37.4, 36.6, 37.2,
            37.1, 35.9, 36.2, 37.1, 36.6, 36.9, 37.2, 37.0, 36.6, 37.4, 36.5, 37.3,
            37.8, 37.7, 37.9, 37.3, 37.3, 36.9, 36.7, 36.5, 36.6, 36.2, 35.8, 36.5,
            36.1, 36.5, 37.0, 37.3, 37.8, 37.7, 37.5, 36.9, 37.7, 36.9, 37.2, 36.1,
            36.9, 36.9, 37.1, 37.1, 37.3, 37.1, 37.2, 37.3, 37.5, 37.2, 37.3, 37.4,
            37.9, 38.1, 37.8, 37.8, 37.0, 37.7, 36.2, 39.0, 38.4, 37.8, 38.2, 38.4,
            39.7, 38.9, 39.7, 39.3, 39.0, 39.2, 38.7, 40.3, 40.6, 40.4, 41.7, 41.3,
            40.9, 40.5, 40.9, 40.1, 41.8, 41.2, 40.8, 41.6, 42.3, 43.1, 43.4, 43.0,
            43.2, 42.2, 42.3, 43.0, 43.0, 43.3, 42.7, 41.0, 41.8, 41.4, 41.2, 40.8,
            41.9, 41.2, 41.8, 40.3, 40.4, 40.5, 40.6, 41.9, 42.4, 41.1, 42.0, 42.3,
            41.8, 41.0, 41.2, 41.6, 41.9, 42.1, 41.9, 42.3, 42.6, 42.6, 42.1, 42.3,
            42.3, 42.4, 41.9, 42.0, 42.6, 42.6, 41.8, 42.2, 41.6, 42.2, 42.8, 42.6,
            41.5, 42.0, 42.3, 40.4, 41.4, 41.2, 39.9, 40.3, 40.0, 40.6, 40.6, 40.6,
            40.4, 40.8, 40.1, 40.4, 41.0, 41.4, 41.4, 40.8, 40.9, 40.1, 40.6, 40.8,
            40.9, 40.9, 41.4, 41.5, 41.6, 41.5, 41.2
          ],
          "loss": [
            10.15376091003418, 10.567347526550293, 10.772663116455078,
            11.0281982421875, 10.83548355102539, 10.898332595825195,
            10.741480827331543, 10.746623039245605, 10.568772315979004,
            10.601150512695312, 10.767524719238281, 10.794610023498535,
            10.982980728149414, 10.806581497192383, 10.82391357421875,
            10.870489120483398, 10.941417694091797, 10.693596839904785,
            10.659059524536133, 10.690847396850586, 10.617640495300293,
            10.765013694763184, 10.698830604553223, 10.741290092468262,
            10.755833625793457, 10.736982345581055, 10.694534301757812,
            10.801849365234375, 10.32572078704834, 10.340407371520996,
            10.345589637756348, 10.36846923828125, 10.540566444396973,
            10.446925163269043, 10.46028995513916, 10.637556076049805,
            10.704288482666016, 10.64041805267334, 10.721990585327148,
            10.137215614318848, 10.198163986206055, 9.968426704406738,
            10.034720420837402, 10.071375846862793, 10.0423002243042,
            10.09455394744873, 10.044188499450684, 10.032540321350098,
            10.057839393615723, 10.099782943725586, 10.095232009887695,
            10.122672080993652, 10.140830039978027, 10.167716979980469,
            10.189214706420898, 10.247551918029785, 9.695717811584473,
            9.521458625793457, 9.597283363342285, 9.691903114318848,
            9.674211502075195, 9.28941822052002, 9.391179084777832,
            9.349533081054688, 9.407698631286621, 9.212278366088867,
            9.033224105834961, 9.089141845703125, 9.091583251953125,
            9.105192184448242, 8.938321113586426, 8.96947956085205,
            9.028059005737305, 9.060908317565918, 9.08934211730957,
            9.148365020751953, 9.184745788574219, 9.098286628723145,
            8.980762481689453, 9.049668312072754, 9.006126403808594,
            9.036975860595703, 9.012028694152832, 9.08426284790039,
            9.048993110656738, 9.120216369628906, 9.16557502746582,
            9.183592796325684, 9.19357967376709, 9.246828079223633,
            9.299097061157227, 9.173797607421875, 9.16622543334961,
            9.183981895446777, 9.211021423339844, 9.125589370727539,
            9.1753511428833, 9.22100830078125, 9.136728286743164, 9.167791366577148,
            9.216832160949707, 9.236618041992188, 9.258024215698242,
            9.118677139282227, 9.156580924987793, 9.158829689025879,
            9.103835105895996, 9.15916633605957, 9.163804054260254,
            9.138433456420898, 9.236722946166992, 9.254898071289062,
            9.287973403930664, 9.286020278930664, 9.299044609069824,
            9.253600120544434, 9.236063957214355, 9.255048751831055,
            9.235032081604004, 9.19371509552002, 9.187500953674316,
            9.224784851074219, 9.190794944763184, 9.185226440429688,
            9.18440055847168, 9.173341751098633, 9.196687698364258,
            9.214664459228516, 9.305319786071777, 9.331910133361816,
            9.319450378417969, 9.233030319213867, 9.213821411132812,
            9.276968002319336, 9.092101097106934, 9.099089622497559,
            9.100662231445312, 9.150306701660156, 9.124907493591309,
            9.160938262939453, 9.172416687011719, 9.165437698364258,
            9.214686393737793, 9.159082412719727, 9.142444610595703,
            9.099288940429688, 9.12808895111084, 9.182510375976562,
            9.13831615447998, 9.088482856750488, 9.102457046508789,
            9.155011177062988, 9.14356517791748, 9.176264762878418,
            9.153952598571777, 9.176973342895508, 9.207341194152832,
            9.155255317687988, 9.119699478149414, 9.156745910644531,
            9.179120063781738, 8.959284782409668, 8.952412605285645,
            8.984054565429688, 9.003040313720703, 9.018585205078125,
            8.550809860229492, 8.566707611083984, 8.570934295654297,
            8.629945755004883, 8.46310043334961, 8.489320755004883,
            8.277012825012207, 8.314703941345215, 8.333356857299805,
            8.320152282714844, 8.327020645141602, 8.117173194885254,
            7.946778297424316, 7.963464736938477, 7.961403846740723,
            7.717343330383301, 7.635784149169922, 7.6007184982299805,
            7.629989147186279, 7.63597297668457, 7.624581336975098,
            7.693737983703613, 7.6907124519348145, 7.711458683013916,
            7.679641246795654, 7.686905860900879, 7.701416969299316,
            7.723820686340332, 7.635501861572266, 7.6216511726379395,
            7.6201982498168945, 7.63847541809082, 7.6454267501831055,
            7.656306266784668, 7.487551689147949, 7.375686168670654,
            7.400396823883057, 7.385530948638916, 7.39739990234375,
            7.395527362823486, 7.393820762634277, 7.382401943206787,
            7.37675142288208, 7.366199016571045, 7.382221221923828,
            7.36658239364624, 7.353662490844727, 7.347963809967041,
            7.3411688804626465, 7.3498005867004395, 7.358936309814453,
            7.084484100341797, 7.084756851196289, 7.105329513549805,
            7.077160835266113, 7.0517401695251465, 7.089679718017578,
            7.104693412780762, 7.10511589050293, 7.048630714416504,
            6.969749927520752, 6.976284503936768, 6.961414337158203,
            7.00433349609375, 7.005913257598877, 6.978574275970459,
            7.02096700668335, 7.022720813751221, 6.8678178787231445,
            6.870781898498535, 6.812541484832764, 6.784687519073486,
            6.813272953033447, 6.792778491973877, 6.788446426391602,
            6.826042175292969, 6.7931599617004395, 6.5535993576049805,
            6.547797203063965, 6.585901737213135, 6.560034275054932,
            6.588359832763672, 6.59954833984375, 6.618048667907715,
            6.629784107208252, 6.601420879364014, 6.614245891571045,
            6.673950672149658, 6.6641621589660645, 6.640069007873535,
            6.595181465148926, 6.6050214767456055, 6.57134485244751,
            6.628300666809082, 6.586509704589844, 6.6307220458984375,
            6.609531879425049, 6.671560764312744, 6.6291985511779785,
            6.638070106506348, 6.634719371795654, 6.639427661895752,
            6.6155877113342285, 6.661210060119629, 6.6577582359313965,
            6.659539222717285, 6.434004306793213, 6.4222002029418945,
            6.480855464935303, 6.430915355682373, 6.383971691131592,
            6.40625524520874, 6.407752513885498, 6.410155296325684,
            6.440579891204834, 6.236734867095947, 6.315793991088867,
            6.0942702293396, 6.10232400894165, 6.171290397644043, 6.157683372497559,
            6.12912130355835, 6.03969144821167, 6.072875022888184,
            6.013108253479004, 6.022569179534912, 6.056672096252441,
            6.043468475341797, 6.117315292358398, 6.055971622467041,
            6.040833950042725, 6.0483880043029785, 5.874949932098389,
            5.867398738861084, 5.897188186645508, 5.906202793121338,
            5.913910388946533, 5.9701313972473145, 5.687215805053711,
            5.727249622344971, 5.742753505706787, 5.7195305824279785,
            5.706730365753174, 5.4271111488342285, 5.407704830169678,
            5.421257019042969, 5.445880889892578, 5.438353061676025,
            5.484191417694092, 5.464232444763184, 5.404363632202148,
            5.4178466796875, 5.450876235961914, 5.520047187805176,
            5.488112926483154, 5.5133867263793945, 5.4516825675964355,
            5.451839923858643, 5.396081924438477, 5.447904586791992,
            5.431167125701904, 5.468094348907471, 5.495820999145508,
            5.454998970031738, 5.437896251678467, 5.300772666931152,
            5.302460193634033, 5.305655002593994, 5.36229944229126,
            5.305165767669678, 5.360015869140625, 5.370781421661377,
            5.354984760284424, 5.3431596755981445, 5.277774333953857,
            5.2479705810546875, 5.271173000335693, 5.261361598968506,
            5.2782464027404785, 5.262308597564697, 5.262243270874023,
            5.239819049835205, 5.261758327484131, 5.269084453582764,
            5.292744159698486, 5.2879133224487305, 5.2841596603393555,
            5.243391513824463, 5.277729034423828, 5.304255962371826,
            5.360202789306641, 5.290938377380371, 5.286654949188232,
            5.308390140533447, 5.363607883453369, 5.373035430908203,
            5.319077491760254, 5.422569751739502, 5.3771491050720215,
            5.398385047912598, 5.4486494064331055, 5.4309163093566895,
            5.423694610595703, 5.417393684387207, 5.398969650268555,
            5.358871936798096, 5.358463287353516, 5.350149154663086,
            5.3726348876953125, 5.371655464172363, 5.364266872406006,
            5.3580322265625, 5.377925872802734, 5.402712345123291,
            5.382401943206787, 5.4254302978515625, 5.408116340637207,
            5.427958965301514, 5.4215168952941895, 5.438051223754883,
            5.375973701477051, 5.405914306640625, 5.416464328765869,
            5.399936199188232, 5.405607223510742
          ]
        }
      }
]