[
  {
    "RBS_7500_old": {
      "acc": [
        12.3, 11.5, 11.0, 10.3, 10.8, 11.2, 11.6, 11.6, 12.1, 12.2, 12.2, 12.1,
        13.1, 13.1, 13.1, 13.1, 13.0, 13.7, 14.5, 14.6, 14.7, 15.0, 15.1, 15.1,
        15.1, 15.4, 15.5, 15.8, 16.0, 16.2, 16.5, 16.7, 16.8, 17.1, 17.1, 17.0,
        17.3, 17.4, 17.3, 17.8, 17.6, 17.8, 17.8, 18.3, 18.5, 18.7, 18.9, 19.0,
        19.1, 19.0, 19.3, 19.2, 19.3, 19.6, 19.7, 19.5, 20.4, 19.6, 19.7, 20.1,
        20.3, 20.5, 20.2, 21.6, 21.7, 21.4, 21.5, 21.6, 21.7, 21.6, 21.6, 21.5,
        21.4, 21.5, 21.7, 21.7, 21.9, 22.5, 22.4, 22.5, 22.6, 22.0, 22.4, 23.1,
        23.7, 24.0, 24.2, 23.9, 23.7, 24.0, 23.7, 24.2, 24.8, 24.4, 24.7, 25.7,
        25.3, 25.6, 25.1, 25.8, 25.9, 26.0, 26.2, 26.7, 26.8, 27.1, 27.2, 27.4,
        27.7, 27.6, 27.7, 28.5, 28.6, 28.5, 28.3, 28.5, 28.5, 28.5, 28.5, 28.5,
        28.7, 28.7, 28.9, 29.1, 29.1, 29.0, 29.2, 29.1, 28.9, 29.1, 29.2, 29.9,
        30.2, 30.2, 30.6, 30.8, 30.6, 30.7, 31.0, 30.8, 31.0, 31.1, 30.8, 31.2,
        31.1, 31.4, 31.7, 31.6, 31.1, 31.3, 31.6, 31.8, 31.5, 31.8, 31.7, 32.4,
        32.5, 33.0, 33.0, 33.1, 32.7, 32.9, 33.3, 33.8, 34.3, 34.4, 34.0, 34.1,
        34.2, 34.5, 34.3, 34.8, 34.6, 34.7, 34.7, 35.3, 35.6, 35.3, 35.3, 35.8,
        36.1, 35.7, 36.2, 36.6, 36.6, 36.7, 36.5, 36.7, 37.0, 36.9, 37.2, 37.4,
        37.7, 37.3, 38.4, 38.8, 38.5, 38.2, 38.5, 38.8, 39.1, 38.6, 38.9, 38.6,
        38.7, 39.0, 39.3, 39.4, 39.6, 39.2, 39.4, 39.8, 39.6, 39.8, 39.4, 39.7,
        40.1, 40.2, 39.7, 39.9, 39.9, 40.2, 40.4, 40.6, 40.7, 41.0, 40.3, 40.1,
        40.6, 40.7, 40.8, 40.5, 40.2, 40.3, 40.5, 40.1, 40.3, 40.5, 40.2, 40.4,
        40.4, 40.8, 40.6, 40.7, 41.0, 40.7, 40.5, 41.2, 40.6, 40.7, 40.5, 40.6,
        40.9, 40.2, 41.1, 40.7, 42.3, 42.5, 41.7, 42.2, 42.6, 42.4, 42.5, 42.3,
        42.5, 42.6, 43.0, 42.6, 43.0, 42.6, 42.7, 43.2, 43.7, 43.9, 43.5, 43.6,
        44.0, 43.4, 44.0, 44.0, 43.6, 44.0, 43.3, 42.3, 42.3, 42.4, 42.2, 42.5,
        43.3, 43.2, 44.1, 44.2, 44.6, 44.7, 44.2, 44.8, 44.8, 44.9, 44.8, 44.6,
        44.7, 44.7, 45.4, 45.0, 44.4, 45.0, 45.4, 45.0, 45.3, 46.1, 46.3, 46.3,
        45.9, 46.3, 45.9, 46.0, 46.7, 46.8, 46.5, 45.8, 45.7, 45.8, 46.7, 46.5,
        47.0, 46.6, 46.2, 46.4, 45.9, 46.5, 46.2, 45.8, 46.1, 46.0, 45.9, 46.1,
        45.6, 45.5, 45.9, 46.3, 46.6, 47.0, 47.2, 47.2, 47.6, 47.6, 47.4, 47.0,
        47.4, 47.4, 47.4, 47.4, 47.8, 47.8, 47.4, 47.5, 47.8, 47.7, 47.4, 47.0,
        46.2, 46.3, 46.7, 46.2, 46.0, 46.3, 45.9, 46.1, 46.4, 45.7, 45.6, 45.5,
        45.4, 46.2, 45.6, 45.8, 45.7, 45.4, 45.4, 45.4, 45.7, 45.3, 45.6, 45.4,
        45.1, 45.3, 46.3, 46.1, 45.5, 45.6, 45.7
      ],
      "loss": [
        10.062291145324707, 10.235468864440918, 10.384856224060059,
        10.499402046203613, 10.518478393554688, 10.631022453308105,
        10.561637878417969, 10.616782188415527, 10.539604187011719,
        10.57384204864502, 10.658733367919922, 10.71807861328125,
        10.742523193359375, 10.792194366455078, 10.859711647033691,
        10.9365816116333, 10.996015548706055, 10.575764656066895,
        10.54750919342041, 10.60251522064209, 10.639991760253906,
        10.684439659118652, 10.703564643859863, 10.770069122314453,
        10.805362701416016, 10.83913803100586, 10.85449504852295,
        10.897661209106445, 10.197548866271973, 10.246487617492676,
        10.293468475341797, 10.337955474853516, 10.411199569702148,
        10.441116333007812, 10.477859497070312, 10.571775436401367,
        10.628268241882324, 10.657230377197266, 10.74484920501709,
        10.260008811950684, 10.30905532836914, 10.206501960754395,
        10.248827934265137, 10.222762107849121, 10.263839721679688,
        10.32175064086914, 10.32086181640625, 10.337315559387207,
        10.354554176330566, 10.390570640563965, 10.438753128051758,
        10.479744911193848, 10.491928100585938, 10.515645027160645,
        10.550549507141113, 10.609159469604492, 10.389933586120605,
        10.332634925842285, 10.400888442993164, 10.434019088745117,
        10.447709083557129, 10.000358581542969, 10.0595121383667,
        10.003608703613281, 10.054709434509277, 10.057735443115234,
        9.602121353149414, 9.63927936553955, 9.612447738647461,
        9.669319152832031, 9.252490043640137, 9.27418327331543,
        9.349783897399902, 9.406088829040527, 9.394030570983887,
        9.479559898376465, 9.509299278259277, 9.445392608642578,
        9.35653305053711, 9.416739463806152, 9.420500755310059,
        9.450033187866211, 9.43592643737793, 9.453338623046875,
        9.441339492797852, 9.433436393737793, 9.463885307312012,
        9.509315490722656, 9.534276962280273, 9.564437866210938,
        9.637652397155762, 9.45372200012207, 9.472087860107422,
        9.545793533325195, 9.54382610321045, 9.432111740112305,
        9.476441383361816, 9.486680030822754, 9.493916511535645,
        9.51227855682373, 9.535324096679688, 9.568329811096191,
        9.59935188293457, 9.426389694213867, 9.416207313537598,
        9.410745620727539, 9.361434936523438, 9.3757905960083,
        9.386244773864746, 9.410943031311035, 9.458606719970703,
        9.360726356506348, 9.369990348815918, 9.394667625427246,
        9.402533531188965, 9.39016342163086, 9.404303550720215,
        9.416433334350586, 9.25787353515625, 9.264959335327148,
        9.285553932189941, 9.299410820007324, 9.311699867248535,
        9.319448471069336, 9.328320503234863, 9.308088302612305,
        9.336174011230469, 9.337236404418945, 9.389262199401855,
        9.42188835144043, 9.43004035949707, 9.414434432983398,
        9.396714210510254, 9.414815902709961, 9.057228088378906,
        9.048481941223145, 9.048011779785156, 9.076987266540527,
        9.073111534118652, 9.088470458984375, 9.130167007446289,
        9.114424705505371, 8.884196281433105, 8.875048637390137,
        8.881561279296875, 8.826024055480957, 8.842329978942871,
        8.832240104675293, 8.90869140625, 8.900299072265625, 8.91217041015625,
        8.940901756286621, 8.953287124633789, 8.965266227722168,
        8.972044944763184, 8.993983268737793, 9.000450134277344,
        8.985505104064941, 8.980356216430664, 8.997623443603516,
        9.016196250915527, 8.352669715881348, 8.357743263244629,
        8.322026252746582, 8.331047058105469, 8.352498054504395,
        8.320667266845703, 8.312376976013184, 8.30989933013916,
        8.314209938049316, 8.227285385131836, 8.241460800170898,
        7.884452819824219, 7.902255058288574, 7.929243087768555,
        7.942525863647461, 7.938690662384033, 7.711805820465088,
        7.515296936035156, 7.487605571746826, 7.484472274780273,
        7.468735218048096, 7.443723201751709, 7.419764518737793,
        7.423959255218506, 7.435431480407715, 7.422335147857666,
        7.433229923248291, 7.4310197830200195, 7.464707374572754,
        7.448772430419922, 7.453300476074219, 7.4592976570129395,
        7.475986003875732, 7.350850582122803, 7.358129024505615,
        7.386220455169678, 7.4092183113098145, 7.41268253326416,
        7.4223527908325195, 7.268224716186523, 7.170046329498291,
        7.187296390533447, 7.184090614318848, 7.184399604797363,
        7.184837818145752, 7.18083381652832, 7.17946195602417,
        7.147458553314209, 7.168927192687988, 7.16721248626709,
        7.156217098236084, 7.135746955871582, 7.121926307678223,
        7.145181179046631, 7.129352569580078, 7.127307415008545,
        6.944178581237793, 6.9561333656311035, 6.998746395111084,
        6.983907222747803, 6.952836036682129, 6.956446647644043,
        6.98248291015625, 6.969502925872803, 6.952879428863525,
        6.92224645614624, 6.948598861694336, 6.91452169418335,
        6.939258098602295, 6.940582752227783, 6.953151702880859,
        6.947366237640381, 6.951545238494873, 6.6272292137146,
        6.632852554321289, 6.473799228668213, 6.450069904327393,
        6.459268569946289, 6.453851699829102, 6.4550700187683105,
        6.456264972686768, 6.444061279296875, 6.352487564086914,
        6.346996307373047, 6.352055549621582, 6.344546794891357,
        6.351452827453613, 6.365492820739746, 6.369548797607422,
        6.372734069824219, 6.372624397277832, 6.368205547332764,
        6.38897705078125, 6.365505695343018, 6.376110553741455,
        6.139800071716309, 6.156082630157471, 6.182884216308594,
        6.15526819229126, 6.15701150894165, 6.164316654205322,
        6.174724578857422, 6.191280364990234, 6.182873249053955,
        6.1738715171813965, 6.164264678955078, 6.163249969482422,
        6.159428596496582, 6.200414180755615, 6.1966400146484375,
        6.188595294952393, 5.914518356323242, 5.874048233032227,
        5.937162399291992, 5.920533657073975, 5.908710956573486,
        5.90308952331543, 5.916012763977051, 5.925814151763916,
        5.930732250213623, 5.7101664543151855, 5.720038414001465,
        5.652376174926758, 5.647586345672607, 5.663185119628906,
        5.641704082489014, 5.636079788208008, 5.43687105178833,
        5.4515886306762695, 5.414422035217285, 5.402431964874268,
        5.414178848266602, 5.415470123291016, 5.438321590423584,
        5.416856288909912, 5.412197589874268, 5.420591831207275,
        5.366517066955566, 5.363888740539551, 5.370589733123779,
        5.361077785491943, 5.360771179199219, 5.3654704093933105,
        5.2616119384765625, 5.2729034423828125, 5.254267692565918,
        5.259394645690918, 5.2501444816589355, 5.112512588500977,
        5.1161112785339355, 5.115588188171387, 5.12578821182251,
        5.115118503570557, 5.1345977783203125, 5.132401466369629,
        5.1077399253845215, 5.105421543121338, 5.1219329833984375,
        5.138828754425049, 5.130533218383789, 5.13458251953125,
        4.968271255493164, 4.978370666503906, 4.9635210037231445,
        4.984805583953857, 5.022750377655029, 4.998029708862305,
        5.012843608856201, 5.011693954467773, 5.0050272941589355,
        4.953644275665283, 4.957892417907715, 4.931760311126709,
        4.976093292236328, 4.967915058135986, 5.007052898406982,
        5.016019821166992, 5.000838279724121, 5.008844375610352,
        4.854630470275879, 4.841004848480225, 4.857389450073242,
        4.836060523986816, 4.8253021240234375, 4.8206024169921875,
        4.831302165985107, 4.822157859802246, 4.815003395080566,
        4.817586421966553, 4.820748329162598, 4.81715202331543,
        4.782297134399414, 4.782097816467285, 4.807847023010254,
        4.802844047546387, 4.816259384155273, 4.79437255859375,
        4.81578254699707, 4.844563961029053, 4.9119553565979,
        4.9023284912109375, 4.897889614105225, 4.946824550628662,
        4.9539947509765625, 4.939302921295166, 4.953664302825928,
        4.94663667678833, 4.948101043701172, 4.969979286193848,
        4.975889682769775, 4.964522361755371, 4.9747819900512695,
        4.959400177001953, 4.95139217376709, 4.947863578796387,
        4.961701393127441, 4.982997417449951, 4.995998859405518,
        4.989377021789551, 4.9795756340026855, 4.994734764099121,
        4.978552341461182, 5.005616188049316, 5.0242180824279785,
        5.016080856323242, 4.9544477462768555, 4.97477388381958,
        4.99039363861084, 4.989892959594727, 4.993133544921875
      ]
    }
  },
  {
    "RBS_7500_new": {
      "acc": [
        12.3, 11.3, 10.4, 9.3, 9.6, 9.6, 10.5, 11.2, 11.6, 11.8, 11.6, 11.7,
        12.2, 12.2, 12.4, 12.6, 12.8, 12.8, 14.0, 14.4, 14.7, 14.7, 14.8, 14.8,
        15.0, 15.5, 15.0, 15.9, 15.9, 16.1, 16.5, 16.5, 16.7, 17.2, 16.9, 17.0,
        17.2, 17.2, 17.1, 17.1, 17.4, 17.7, 17.7, 17.3, 17.3, 17.7, 18.2, 18.5,
        18.7, 18.8, 19.1, 18.9, 19.2, 19.3, 19.5, 19.1, 19.8, 19.8, 19.7, 19.8,
        20.1, 20.0, 20.1, 20.7, 21.0, 20.9, 21.4, 21.1, 21.5, 21.6, 21.7, 21.9,
        22.0, 21.8, 22.4, 22.0, 22.5, 23.3, 22.5, 22.5, 22.9, 23.0, 23.0, 23.4,
        24.1, 24.6, 24.6, 24.9, 24.9, 25.1, 24.9, 25.3, 25.7, 25.2, 25.8, 26.7,
        26.1, 26.3, 26.5, 27.0, 27.4, 27.2, 27.3, 27.5, 27.7, 27.3, 27.8, 27.8,
        28.3, 28.4, 28.5, 29.1, 29.3, 29.1, 29.0, 29.2, 29.3, 29.4, 29.3, 29.5,
        29.5, 29.6, 29.8, 29.8, 30.0, 30.1, 30.4, 30.1, 29.8, 29.7, 30.0, 30.9,
        31.0, 31.1, 30.8, 30.9, 30.3, 30.8, 30.8, 30.9, 30.7, 30.5, 31.2, 31.3,
        31.8, 31.9, 32.0, 32.3, 31.4, 31.6, 32.1, 32.4, 32.4, 32.5, 32.1, 32.8,
        32.9, 32.9, 32.9, 33.1, 33.2, 33.9, 34.0, 34.2, 34.8, 34.6, 34.4, 34.8,
        34.9, 34.8, 33.9, 34.0, 35.0, 34.8, 34.9, 34.9, 35.0, 35.6, 36.2, 36.3,
        36.5, 37.2, 37.3, 37.0, 36.8, 36.8, 36.8, 36.6, 36.9, 36.8, 37.1, 37.3,
        37.7, 37.8, 38.5, 38.6, 39.0, 39.1, 39.2, 39.3, 39.0, 39.1, 39.2, 39.4,
        39.0, 39.4, 39.4, 39.6, 39.7, 40.0, 39.9, 39.7, 40.2, 40.6, 40.6, 40.6,
        40.6, 40.5, 40.1, 40.2, 40.4, 40.5, 40.8, 41.3, 41.4, 42.2, 41.9, 41.7,
        42.2, 41.8, 41.4, 41.6, 41.4, 41.3, 41.4, 41.4, 41.8, 41.8, 41.5, 41.8,
        41.7, 41.6, 41.8, 41.4, 41.9, 42.2, 41.9, 42.4, 42.0, 42.0, 42.2, 42.1,
        42.1, 42.2, 42.8, 42.5, 43.8, 43.9, 43.7, 43.8, 43.9, 43.8, 44.0, 43.8,
        44.5, 44.4, 44.2, 44.4, 44.5, 44.7, 44.4, 45.2, 45.4, 45.7, 45.3, 45.8,
        45.7, 45.8, 45.5, 44.9, 44.8, 45.4, 45.3, 45.0, 45.0, 44.3, 44.6, 44.7,
        46.5, 45.7, 46.3, 46.0, 45.8, 45.7, 45.0, 46.0, 46.0, 46.0, 47.0, 46.6,
        46.4, 46.1, 47.4, 46.6, 46.1, 46.1, 45.8, 46.1, 46.3, 47.0, 47.1, 47.1,
        46.9, 47.2, 47.0, 47.0, 47.2, 47.6, 47.3, 47.3, 46.9, 46.6, 46.1, 46.3,
        46.5, 46.7, 46.5, 46.6, 46.1, 46.0, 46.4, 47.8, 47.9, 47.0, 47.1, 47.3,
        46.9, 47.2, 46.6, 46.8, 48.6, 48.6, 48.0, 48.7, 48.4, 49.0, 48.9, 48.5,
        48.9, 48.4, 48.2, 48.3, 49.1, 49.1, 49.2, 49.1, 50.0, 49.9, 49.6, 49.1,
        48.1, 48.0, 48.2, 47.6, 47.4, 47.6, 47.1, 47.4, 47.7, 47.6, 47.4, 47.4,
        47.4, 47.8, 47.5, 47.5, 47.4, 47.4, 47.3, 47.5, 47.6, 47.0, 47.5, 47.0,
        46.1, 46.2, 47.0, 47.2, 46.3, 47.0, 46.8
      ],
      "loss": [
        10.006778717041016, 10.300749778747559, 10.612149238586426,
        10.92306137084961, 10.998954772949219, 11.084322929382324,
        10.767788887023926, 10.905693054199219, 10.68427562713623,
        10.773575782775879, 10.880325317382812, 10.95294189453125,
        10.88616943359375, 10.853837966918945, 10.989782333374023,
        11.044830322265625, 11.123320579528809, 10.896037101745605,
        10.910676956176758, 10.97661304473877, 10.979564666748047,
        11.01426887512207, 11.032232284545898, 11.103667259216309,
        11.195120811462402, 11.168937683105469, 11.13440227508545,
        11.17956829071045, 10.72494888305664, 10.790548324584961,
        10.824009895324707, 10.863383293151855, 10.928587913513184,
        10.93675708770752, 11.045734405517578, 11.088554382324219,
        11.150885581970215, 11.15205192565918, 11.258639335632324,
        11.002259254455566, 11.087333679199219, 11.003870010375977,
        11.061484336853027, 11.093595504760742, 11.158307075500488,
        11.135714530944824, 11.124491691589355, 11.131844520568848,
        11.160757064819336, 11.191265106201172, 11.208231925964355,
        11.202752113342285, 11.252862930297852, 11.293485641479492,
        11.296540260314941, 11.330232620239258, 10.709436416625977,
        10.382335662841797, 10.38465404510498, 10.418118476867676,
        10.47010612487793, 10.270796775817871, 10.285361289978027,
        10.25240707397461, 10.249810218811035, 9.986196517944336,
        9.76168441772461, 9.803333282470703, 9.80882453918457,
        9.874062538146973, 9.640816688537598, 9.652637481689453,
        9.725343704223633, 9.745534896850586, 9.78244400024414,
        9.830425262451172, 9.79901123046875, 9.782971382141113,
        9.374018669128418, 9.412187576293945, 9.35944938659668,
        9.408719062805176, 9.42345142364502, 9.50693130493164,
        9.495981216430664, 9.47226333618164, 9.472506523132324,
        9.503814697265625, 9.536316871643066, 9.621749877929688,
        9.68384838104248, 9.537055969238281, 9.550468444824219,
        9.562499046325684, 9.569273948669434, 9.466796875, 9.5607271194458,
        9.575505256652832, 9.578481674194336, 9.566280364990234,
        9.546464920043945, 9.582609176635742, 9.614644050598145,
        9.078306198120117, 9.087380409240723, 9.115513801574707,
        9.110342979431152, 9.124427795410156, 9.15131664276123,
        9.175359725952148, 9.214166641235352, 9.188559532165527,
        9.214202880859375, 9.229323387145996, 9.286510467529297,
        9.269938468933105, 9.277871131896973, 9.291337966918945,
        9.021647453308105, 9.046366691589355, 9.068636894226074,
        9.130901336669922, 9.12742805480957, 9.144301414489746,
        9.146316528320312, 9.146612167358398, 9.1683988571167,
        9.180188179016113, 9.215801239013672, 9.264704704284668,
        9.274986267089844, 9.194640159606934, 9.203277587890625,
        9.219037055969238, 8.876955032348633, 8.879076957702637,
        8.927979469299316, 8.95117473602295, 8.966854095458984,
        8.991450309753418, 8.99848747253418, 9.021209716796875,
        8.856003761291504, 8.871615409851074, 8.815281867980957,
        8.801709175109863, 8.804795265197754, 8.826298713684082,
        8.842889785766602, 8.841031074523926, 8.846112251281738,
        8.87613582611084, 8.876964569091797, 8.908285140991211, 8.9352445602417,
        8.957061767578125, 8.980271339416504, 8.965368270874023,
        8.94404411315918, 8.959306716918945, 8.96287727355957,
        8.813274383544922, 8.824246406555176, 8.82791805267334,
        8.871047019958496, 8.895490646362305, 8.61430549621582,
        8.602238655090332, 8.62283706665039, 8.661555290222168,
        8.565423965454102, 8.58561897277832, 8.466338157653809,
        8.489559173583984, 8.49645709991455, 8.510956764221191,
        8.505108833312988, 8.336322784423828, 8.168449401855469,
        8.16784381866455, 8.164505004882812, 7.845623970031738,
        7.82383918762207, 7.836815357208252, 7.845025539398193,
        7.854542255401611, 7.875, 7.909283638000488, 7.903965950012207,
        7.926138877868652, 7.930151462554932, 7.943068504333496,
        7.968776702880859, 8.001317024230957, 7.935434818267822,
        7.954868793487549, 7.903238296508789, 7.940917491912842,
        7.940440654754639, 7.967385768890381, 7.867703437805176,
        7.750996112823486, 7.769534587860107, 7.745798587799072,
        7.758957862854004, 7.742666721343994, 7.737457752227783,
        7.736605167388916, 7.723015785217285, 7.727986812591553,
        7.736583232879639, 7.755094051361084, 7.730607032775879,
        7.731353759765625, 7.728302955627441, 7.736301898956299,
        7.73905086517334, 7.637967586517334, 7.614067077636719,
        7.640995979309082, 7.621097087860107, 7.628510475158691,
        7.61732816696167, 7.6249589920043945, 7.614310264587402,
        7.600676536560059, 7.398816108703613, 7.4312028884887695,
        7.399277210235596, 7.421055316925049, 7.432013034820557,
        7.4095025062561035, 7.441699981689453, 7.451434135437012,
        7.266334056854248, 7.263604640960693, 7.210614204406738,
        7.205728054046631, 7.205911636352539, 7.213679313659668,
        7.219407558441162, 7.230441570281982, 7.220667362213135,
        7.124440670013428, 7.116473197937012, 7.127554416656494,
        7.117942810058594, 7.1313581466674805, 7.160308837890625,
        7.162683486938477, 7.1588616371154785, 7.157196998596191,
        7.158235549926758, 7.164387226104736, 7.1522650718688965,
        7.139360427856445, 6.788686275482178, 6.826931476593018,
        6.839410305023193, 6.8324480056762695, 6.824946403503418,
        6.839404106140137, 6.844231128692627, 6.849138259887695,
        6.835589408874512, 6.837833404541016, 6.836331367492676,
        6.835371494293213, 6.834709644317627, 6.856767177581787,
        6.856486797332764, 6.848155975341797, 6.617417812347412,
        6.587120532989502, 6.624866485595703, 6.608689308166504,
        6.5943803787231445, 6.604617118835449, 6.623680114746094,
        6.6383161544799805, 6.6371002197265625, 6.309703350067139,
        6.308722496032715, 6.192598819732666, 6.177413463592529,
        6.198430061340332, 6.161430835723877, 6.147143363952637,
        5.833120346069336, 5.856592655181885, 5.83532190322876,
        5.850216865539551, 5.8566741943359375, 5.8788604736328125,
        5.9013166427612305, 5.857090950012207, 5.856668472290039,
        5.855105400085449, 5.71956729888916, 5.725498199462891,
        5.735986232757568, 5.74305534362793, 5.735329627990723,
        5.724982261657715, 5.641534328460693, 5.639029026031494,
        5.62886905670166, 5.613239288330078, 5.6024041175842285,
        5.395390033721924, 5.3936448097229, 5.38240909576416, 5.391993522644043,
        5.39162540435791, 5.390285015106201, 5.3890767097473145,
        5.3647141456604, 5.356480121612549, 5.3575944900512695,
        5.362983703613281, 5.369202136993408, 5.367944717407227,
        5.278115272521973, 5.2694573402404785, 5.254775524139404,
        5.255504131317139, 5.268718719482422, 5.263455867767334,
        5.283493995666504, 5.312356472015381, 5.264675617218018,
        4.861065864562988, 4.84785795211792, 4.858973503112793,
        4.873526573181152, 4.864842891693115, 4.884716510772705,
        4.885401725769043, 4.909289836883545, 4.889453411102295,
        4.723651885986328, 4.708679676055908, 4.731464862823486,
        4.719032287597656, 4.732302665710449, 4.716373920440674,
        4.703674793243408, 4.702798843383789, 4.6999969482421875,
        4.7079386711120605, 4.706300735473633, 4.704000949859619,
        4.6756486892700195, 4.669855117797852, 4.664801597595215,
        4.665733337402344, 4.662466526031494, 4.643886566162109,
        4.651715278625488, 4.668026924133301, 4.709301471710205,
        4.7235307693481445, 4.707339763641357, 4.728933334350586,
        4.762670516967773, 4.7450175285339355, 4.749555587768555,
        4.738739967346191, 4.7342705726623535, 4.7368950843811035,
        4.758337020874023, 4.728707313537598, 4.720932483673096,
        4.702281951904297, 4.703732490539551, 4.708169460296631,
        4.7045159339904785, 4.70941686630249, 4.728760242462158,
        4.7341203689575195, 4.7258782386779785, 4.7393646240234375,
        4.742834568023682, 4.786904811859131, 4.821763038635254,
        4.8235321044921875, 4.7693867683410645, 4.766128063201904,
        4.80702543258667, 4.817287921905518, 4.800093650817871
      ]
    }
  }
]